0.4201
0.5799
0.5799000000000001
0.42010000000000003

0.1023
0.8977
0.8976999999999999
0.35749999999999993

0.0184
0.9816
0.9816
0.23360000000000003

0.0031
0.9969
0.9969
0.2124999999999999

0.0009
0.9991
0.9991
0.21509999999999962

0.0
1.0
1.0
0.2084999999999999

0.0
1.0
1.0
0.21110000000000007

0.0
1.0
1.0
0.2126999999999999

0.0
1.0
1.0
0.21160000000000068

0.0
1.0
1.0
0.2134999999999998

0.0
1.0
1.0
0.1980000000000004

0.0
1.0
1.0
0.20870000000000033

0.0
1.0
1.0
0.20529999999999937

0.0
1.0
1.0
0.21829999999999927

0.0
1.0
1.0
0.20560000000000045

0.0
1.0
1.0
0.20579999999999998

0.0
1.0
1.0
0.21099999999999852

0.0
1.0
1.0
0.22100000000000009

0.0
1.0
1.0
0.20420000000000016

0.0
1.0
1.0
0.20309999999999917

0.0
1.0
1.0
0.20609999999999928

0.0
1.0
1.0
0.2043999999999997

0.0
1.0
1.0
0.20149999999999935

0.0
1.0
1.0
0.21470000000000056

0.0
1.0
1.0
0.20970000000000155

0.0
1.0
1.0
0.21369999999999933

0.0
1.0
1.0
0.21539999999999893

0.0
1.0
1.0
0.21529999999999916

0.0
1.0
1.0
0.20700000000000074

0.0
1.0
1.0
0.2123999999999988

0.0
1.0
1.0
0.2012999999999998

0.0
1.0
1.0
0.21030000000000015

0.0
1.0
1.0
0.2143000000000015

0.0
1.0
1.0
0.21520000000000294

0.0
1.0
1.0
0.21459999999999724

0.0
1.0
1.0
0.2115000000000009

0.0
1.0
1.0
0.2137999999999991

0.0
1.0
1.0
0.2195999999999998

0.0
1.0
1.0
0.21119999999999806

0.0
1.0
1.0
0.20920000000000272

0.0
1.0
1.0
0.20060000000000144

0.0
1.0
1.0
0.20960000000000178

0.0
1.0
1.0
0.21410000000000196

0.0
1.0
1.0
0.209699999999998

0.0
1.0
1.0
0.2137000000000029

0.0
1.0
1.0
0.20519999999999783

0.0
1.0
1.0
0.21009999999999707

0.0
1.0
1.0
0.20689999999999742

0.0
1.0
1.0
0.20830000000000126

0.0
1.0
1.0
0.21470000000000056

0.7564
0.2436
0.6617999999999999
0.7564

0.3586
0.6414
1.4127
0.9106000000000001

0.1255
0.8745
1.8011
0.7018

0.0503
0.9497
1.9192
0.6859000000000002

0.0154
0.9846
1.9756
0.6478999999999999

0.0074
0.9926
1.9889
0.6687000000000003

0.0023
0.9977
1.9961
0.6383999999999999

0.0008
0.9992
1.9989
0.6421999999999999

0.0003
0.9997
1.9995
0.6409000000000002

0.0
1.0
2.0
0.6487999999999996

0.0
1.0
2.0
0.6312999999999995

0.0001
0.9999
1.9999
0.6356000000000002

0.0
1.0
2.0
0.6334

0.0
1.0
2.0
0.6397999999999993

0.0
1.0
2.0
0.6462000000000003

0.0
1.0
2.0
0.6350999999999996

0.0
1.0
2.0
0.6451999999999991

0.0
1.0
2.0
0.6344999999999992

0.0
1.0
2.0
0.6323000000000008

0.0
1.0
2.0
0.6523000000000003

0.0
1.0
2.0
0.6270999999999987

0.0
1.0
2.0
0.6464999999999996

0.0
1.0
2.0
0.6417000000000002

0.0
1.0
2.0
0.6401000000000003

0.0
1.0
2.0
0.6478000000000002

0.0
1.0
2.0
0.6465999999999994

0.0
1.0
2.0
0.621500000000001

0.0
1.0
2.0
0.6382000000000012

0.0
1.0
2.0
0.6234000000000002

0.0
1.0
2.0
0.6461000000000006

0.0
1.0
2.0
0.6413000000000011

0.0
1.0
2.0
0.6391999999999989

0.0
1.0
2.0
0.6471000000000018

0.0
1.0
2.0
0.6433000000000035

0.0
1.0
2.0
0.6437000000000026

0.0
1.0
2.0
0.6407000000000025

0.0
1.0
2.0
0.6448999999999998

0.0
1.0
2.0
0.6388999999999996

0.0
1.0
2.0
0.6336999999999975

0.0
1.0
2.0
0.6362000000000023

0.0
1.0
2.0
0.6512999999999991

0.0
1.0
2.0
0.6512000000000029

0.0
1.0
2.0
0.6435999999999993

0.0
1.0
2.0
0.636099999999999

0.0
1.0
2.0
0.6268999999999991

0.0
1.0
2.0
0.6450999999999993

0.0
1.0
2.0
0.648299999999999

0.0
1.0
2.0
0.6306000000000012

0.0
1.0
2.0
0.647199999999998

0.0
1.0
2.0
0.6531999999999982

0.918
0.082
0.5666000000000002
0.918

0.6504
0.3496
1.4275
1.4346999999999999

0.3291
0.6709
2.2683999999999997
1.3666

0.2044
0.7956
2.5414
1.4771999999999998

0.117
0.883
2.7402
1.5192

0.0548
0.9452
2.8866
1.5004999999999997

0.0314
0.9686
2.9319
1.5018000000000002

0.0169
0.9831
2.9633
1.5185000000000004

0.0088
0.9912
2.9815
1.5162000000000004

0.0046
0.9954
2.9894
1.5051000000000005

0.0022
0.9978
2.9957
1.5176999999999996

0.0015
0.9985
2.9971
1.4687999999999999

0.0003
0.9997
2.9995
1.5069999999999997

0.0005
0.9995
2.9989
1.5299999999999994

0.0003
0.9997
2.9995
1.5145

0.0001
0.9999
2.9997
1.5084

0.0
1.0
3.0
1.5104000000000006

0.0
1.0
3.0
1.4895999999999994

0.0001
0.9999
2.9998
1.507200000000001

0.0
1.0
3.0
1.5399999999999991

0.0
1.0
3.0
1.5505999999999993

0.0
1.0
3.0
1.5117000000000012

0.0
1.0
3.0
1.5137

0.0
1.0
3.0
1.5193000000000012

0.0
1.0
3.0
1.5302000000000007

0.0
1.0
3.0
1.4986999999999995

0.0
1.0
3.0
1.4907000000000004

0.0
1.0
3.0
1.4582000000000015

0.0
1.0
3.0
1.5002999999999993

0.0
1.0
3.0
1.5164000000000009

0.0
1.0
3.0
1.5105000000000004

0.0
1.0
3.0
1.4811000000000014

0.0
1.0
3.0
1.5061999999999998

0.0
1.0
3.0
1.505200000000002

0.0
1.0
3.0
1.5061000000000035

0.0
1.0
3.0
1.4872000000000014

0.0
1.0
3.0
1.5056000000000012

0.0
1.0
3.0
1.5161999999999978

0.0
1.0
3.0
1.4838000000000022

0.0
1.0
3.0
1.533299999999997

0.0
1.0
3.0
1.506999999999998

0.0
1.0
3.0
1.479300000000002

0.0
1.0
3.0
1.533299999999997

0.0
1.0
3.0
1.5045000000000002

0.0
1.0
3.0
1.5125000000000028

0.0
1.0
3.0
1.5396

0.0
1.0
3.0
1.5022999999999982

0.0
1.0
3.0
1.5381

0.0
1.0
3.0
1.516300000000001

0.0
1.0
3.0
1.5144999999999982

0.9746
0.0254
0.5213999999999999
0.9746

0.7887
0.2113
1.4996
1.6654

0.4433
0.5567
2.7427
1.6498

0.3194
0.6806
3.0985
1.8431000000000002

0.1878
0.8122
3.4907
1.8855

0.107
0.893
3.7307
1.8779000000000003

0.0618
0.9382
3.8423
1.8920000000000003

0.0401
0.9599
3.8994
1.9580000000000002

0.0208
0.9792
3.9489
1.9196999999999997

0.0126
0.9874
3.9702
1.9427000000000003

0.0074
0.9926
3.9819
1.9252000000000002

0.005
0.995
3.9878
1.9769000000000005

0.0027
0.9973
3.993
1.9939999999999998

0.0015
0.9985
3.9966
1.9525000000000006

0.0003
0.9997
3.9991
1.9349000000000007

0.0002
0.9998
3.9996
1.9449000000000005

0.0
1.0
4.0
1.9636999999999993

0.0
1.0
4.0
1.9627000000000017

0.0001
0.9999
3.9999
1.963799999999999

0.0
1.0
4.0
1.9534999999999982

0.0
1.0
4.0
1.8991000000000007

0.0
1.0
4.0
1.9126000000000012

0.0
1.0
4.0
1.9506000000000014

0.0
1.0
4.0
1.9678000000000004

0.0
1.0
4.0
1.9052000000000007

0.0
1.0
4.0
1.9431000000000012

0.0
1.0
4.0
1.9466999999999999

0.0
1.0
4.0
1.9061999999999983

0.0
1.0
4.0
1.9459000000000017

0.0
1.0
4.0
1.9558999999999997

0.0
1.0
4.0
1.9551000000000016

0.0
1.0
4.0
1.956199999999999

0.0
1.0
4.0
1.9755000000000003

0.0
1.0
4.0
1.9380000000000024

0.0
1.0
4.0
1.9465999999999966

0.0
1.0
4.0
1.9673000000000016

0.0
1.0
4.0
1.9054000000000002

0.0
1.0
4.0
1.913800000000002

0.0
1.0
4.0
1.9962000000000018

0.0
1.0
4.0
1.9812999999999974

0.0
1.0
4.0
1.9414000000000016

0.0
1.0
4.0
1.9461999999999975

0.0
1.0
4.0
1.962600000000002

0.0
1.0
4.0
1.9686000000000021

0.0
1.0
4.0
1.929000000000002

0.0
1.0
4.0
1.9346000000000032

0.0
1.0
4.0
1.9450999999999965

0.0
1.0
4.0
1.9498000000000033

0.0
1.0
4.0
1.9506999999999977

0.0
1.0
4.0
1.9510999999999967

0.9916
0.0084
0.5179999999999998
0.9916

0.8891
0.1109
1.5142000000000002
1.8219

0.5639
0.4361
3.0848
1.9529

0.4057
0.5943
3.644
2.2077

0.2729
0.7271
4.1369
2.3352

0.181
0.819
4.4654
2.4206

0.1138
0.8862
4.6696
2.4577

0.0728
0.9272
4.7933
2.4749999999999996

0.043
0.957
4.8827
2.4851

0.0258
0.9742
4.927
2.4988

0.0155
0.9845
4.9609
2.4963999999999995

0.0105
0.9895
4.9719
2.5227000000000004

0.0058
0.9942
4.9847
2.4921000000000006

0.0031
0.9969
4.9933
2.5619999999999994

0.0028
0.9972
4.9929
2.515599999999999

0.0017
0.9983
4.9947
2.5044000000000004

0.0007
0.9993
4.9981
2.5191

0.0005
0.9995
4.9987
2.4937000000000005

0.0001
0.9999
4.9997
2.5335

0.0001
0.9999
4.9997
2.5055000000000014

0.0001
0.9999
4.9998
2.5147000000000013

0.0
1.0
5.0
2.527100000000001

0.0
1.0
5.0
2.5589000000000013

0.0
1.0
5.0
2.5305999999999997

0.0
1.0
5.0
2.517800000000001

0.0
1.0
5.0
2.515699999999999

0.0
1.0
5.0
2.5412999999999997

0.0
1.0
5.0
2.520900000000001

0.0
1.0
5.0
2.5273000000000003

0.0
1.0
5.0
2.5238000000000014

0.0
1.0
5.0
2.5157999999999987

0.0
1.0
5.0
2.5073000000000008

0.0
1.0
5.0
2.5206000000000017

0.0
1.0
5.0
2.5382999999999996

0.0
1.0
5.0
2.5067999999999984

0.0
1.0
5.0
2.5557000000000016

0.0
1.0
5.0
2.521500000000003

0.0
1.0
5.0
2.5168000000000035

0.0
1.0
5.0
2.5107

0.0
1.0
5.0
2.523699999999998

0.0
1.0
5.0
2.5418999999999983

0.0
1.0
5.0
2.5386999999999986

0.0
1.0
5.0
2.507100000000001

0.0
1.0
5.0
2.5508000000000024

0.0
1.0
5.0
2.5351

0.0
1.0
5.0
2.515900000000002

0.0
1.0
5.0
2.5073000000000008

0.0
1.0
5.0
2.5272000000000006

0.0
1.0
5.0
2.532200000000003

0.0
1.0
5.0
2.564799999999998

0.9975
0.0025
0.5071000000000003
0.9975

0.9315
0.0685
1.5677000000000003
1.8907

0.6755
0.3245
3.3002
2.2622999999999998

0.5218
0.4782
4.0043
2.6283000000000003

0.3806
0.6194
4.6352
2.8579

0.2516
0.7484
5.1556
2.953

0.172
0.828
5.4441
3.0664

0.115
0.885
5.6396
3.12

0.073
0.927
5.7824
3.1719

0.052
0.948
5.8449
3.1916

0.0285
0.9715
5.9158
3.1673

0.0162
0.9838
5.9525
3.126099999999999

0.0124
0.9876
5.9652
3.1906999999999996

0.0058
0.9942
5.9838
3.1732999999999993

0.004
0.996
5.9892
3.1670999999999996

0.0022
0.9978
5.9943
3.1831999999999994

0.0019
0.9981
5.9951
3.1745

0.0008
0.9992
5.9979
3.1685999999999996

0.0003
0.9997
5.9988
3.1684

0.0003
0.9997
5.9991
3.2121999999999993

0.0
1.0
6.0
3.183

0.0
1.0
6.0
3.207799999999999

0.0001
0.9999
5.9998
3.1495999999999995

0.0
1.0
6.0
3.2113000000000014

0.0
1.0
6.0
3.203800000000001

0.0
1.0
6.0
3.1416000000000004

0.0
1.0
6.0
3.1816999999999993

0.0001
0.9999
5.9997
3.1781000000000006

0.0
1.0
6.0
3.1705000000000005

0.0
1.0
6.0
3.1334000000000017

0.0
1.0
6.0
3.1358999999999995

0.0
1.0
6.0
3.1966

0.0
1.0
6.0
3.1973999999999982

0.0
1.0
6.0
3.1576999999999984

0.0
1.0
6.0
3.1906999999999996

0.0
1.0
6.0
3.148600000000002

0.0
1.0
6.0
3.1953999999999994

0.0
1.0
6.0
3.189399999999999

0.0
1.0
6.0
3.115400000000001

0.0
1.0
6.0
3.183

0.0
1.0
6.0
3.2216999999999985

0.0
1.0
6.0
3.1991999999999976

0.0
1.0
6.0
3.2006000000000014

0.0
1.0
6.0
3.1702999999999975

0.0
1.0
6.0
3.122799999999998

0.0
1.0
6.0
3.1845

0.0
1.0
6.0
3.155299999999997

0.0
1.0
6.0
3.1499000000000024

0.0
1.0
6.0
3.1921000000000035

0.0
1.0
6.0
3.1171000000000006

0.9988
0.0012
0.5206999999999997
0.9988

0.9696
0.0304
1.5220000000000002
1.9526

0.7546
0.2454
3.458
2.4329

0.6012
0.3988
4.3484
2.8539000000000003

0.4592
0.5408
5.1267
3.1538

0.3289
0.6711
5.7625
3.3334

0.2397
0.7603
6.12
3.5147

0.1614
0.8386
6.4301
3.5576

0.1136
0.8864
6.6181
3.6626000000000003

0.0788
0.9212
6.7458
3.6887999999999996

0.0476
0.9524
6.8499
3.7011000000000003

0.0291
0.9709
6.9068
3.6891

0.0194
0.9806
6.9424
3.6960999999999995

0.0116
0.9884
6.9655
3.6914999999999996

0.0075
0.9925
6.9778
3.7177000000000007

0.0054
0.9946
6.9834
3.7088

0.0031
0.9969
6.9912
3.6859

0.002
0.998
6.9946
3.7528000000000006

0.0016
0.9984
6.9951
3.7418999999999993

0.0002
0.9998
6.9994
3.674199999999999

0.0002
0.9998
6.9995
3.7216999999999985

0.0002
0.9998
6.9995
3.739799999999999

0.0
1.0
7.0
3.7242999999999995

0.0003
0.9997
6.9989
3.656500000000001

0.0
1.0
7.0
3.7645000000000017

0.0
1.0
7.0
3.717600000000001

0.0
1.0
7.0
3.7398999999999987

0.0
1.0
7.0
3.749600000000001

0.0
1.0
7.0
3.6967

0.0
1.0
7.0
3.7517999999999994

0.0
1.0
7.0
3.6896999999999984

0.0
1.0
7.0
3.6731000000000016

0.0
1.0
7.0
3.6420999999999992

0.0
1.0
7.0
3.723700000000001

0.0
1.0
7.0
3.7426999999999992

0.0
1.0
7.0
3.7567999999999984

0.0
1.0
7.0
3.7802000000000007

0.0
1.0
7.0
3.688299999999998

0.0
1.0
7.0
3.7216999999999985

0.0
1.0
7.0
3.708500000000001

0.0
1.0
7.0
3.7102999999999966

0.0
1.0
7.0
3.700000000000003

0.0
1.0
7.0
3.692700000000002

0.0
1.0
7.0
3.7087000000000003

0.0
1.0
7.0
3.7308999999999983

0.0
1.0
7.0
3.7276999999999987

0.0
1.0
7.0
3.7635999999999967

0.0
1.0
7.0
3.686799999999998

0.0
1.0
7.0
3.7423

0.0
1.0
7.0
3.7049999999999983

0.9996
0.0004
0.5194999999999999
0.9996

0.9819
0.0181
1.5198999999999998
1.9725

0.8142
0.1858
3.5918
2.5734

0.6888
0.3112
4.516
3.1353999999999997

0.5364
0.4636
5.5207999999999995
3.4695

0.417
0.583
6.2265999999999995
3.788

0.3075
0.6925
6.7447
3.9809

0.2205
0.7795
7.1518
4.0821000000000005

0.1531
0.8469
7.4378
4.1604

0.1069
0.8931
7.6141
4.1885

0.0732
0.9268
7.7473
4.2059

0.0537
0.9463
7.82
4.2962

0.0319
0.9681
7.8921
4.2315000000000005

0.0188
0.9812
7.9428
4.2722

0.012
0.988
7.9645
4.3096

0.0092
0.9908
7.9715
4.367900000000001

0.0054
0.9946
7.9837
4.222200000000001

0.0044
0.9956
7.9885
4.288500000000001

0.0024
0.9976
7.9935
4.260999999999999

0.0015
0.9985
7.9952
4.2646

0.0015
0.9985
7.9963
4.336500000000001

0.0005
0.9995
7.9984
4.343499999999999

0.0007
0.9993
7.9978
4.3002

0.0002
0.9998
7.9992
4.283999999999999

0.0
1.0
8.0
4.323599999999999

0.0
1.0
8.0
4.279399999999999

0.0001
0.9999
7.9996
4.3399

0.0
1.0
8.0
4.3018

0.0001
0.9999
7.9997
4.3347000000000016

0.0
1.0
8.0
4.3187

0.0
1.0
8.0
4.276299999999999

0.0
1.0
8.0
4.299299999999999

0.0
1.0
8.0
4.317799999999998

0.0
1.0
8.0
4.360499999999998

0.0
1.0
8.0
4.325199999999999

0.0
1.0
8.0
4.285299999999999

0.0
1.0
8.0
4.275100000000002

0.0
1.0
8.0
4.293500000000002

0.0
1.0
8.0
4.305799999999998

0.0
1.0
8.0
4.281799999999997

0.0
1.0
8.0
4.298499999999997

0.0
1.0
8.0
4.286200000000001

0.0
1.0
8.0
4.317700000000002

0.0
1.0
8.0
4.290399999999998

0.0
1.0
8.0
4.358499999999999

0.0
1.0
8.0
4.280099999999997

0.0
1.0
8.0
4.325499999999998

0.0
1.0
8.0
4.219299999999997

0.0
1.0
8.0
4.293700000000001

0.0
1.0
8.0
4.280700000000003

0.9999
0.0001
0.5106000000000002
0.9999

0.9899
0.0101
1.5448000000000004
1.9844

0.8724
0.1276
3.6567999999999996
2.714

0.7513
0.2487
4.6966
3.3428

0.6125
0.3875
5.823
3.7656

0.4894
0.5106
6.6926000000000005
4.1492

0.3729
0.6271
7.3431999999999995
4.3911999999999995

0.283
0.717
7.7936
4.5329

0.1996
0.8004
8.1868
4.6399

0.1388
0.8612
8.4647
4.6956

0.103
0.897
8.6131
4.7753

0.0702
0.9298
8.7517
4.8155

0.0438
0.9562
8.8437
4.8002

0.0301
0.9699
8.8979
4.8644

0.0198
0.9802
8.933
4.8536

0.0137
0.9863
8.9548
4.9018999999999995

0.0089
0.9911
8.9729
4.8515

0.005
0.995
8.9825
4.9176

0.0031
0.9969
8.9901
4.8832

0.0024
0.9976
8.9931
4.8773

0.0015
0.9985
8.9958
4.9236

0.0007
0.9993
8.9983
4.864999999999998

0.0005
0.9995
8.9989
4.876000000000001

0.0004
0.9996
8.9986
4.8443000000000005

0.0003
0.9997
8.9992
4.874700000000001

0.0005
0.9995
8.9987
4.8873

0.0003
0.9997
8.9993
4.920400000000001

0.0
1.0
9.0
4.905799999999999

0.0
1.0
9.0
4.925799999999999

0.0
1.0
9.0
4.9193

0.0
1.0
9.0
4.8718

0.0
1.0
9.0
4.872900000000001

0.0
1.0
9.0
4.919899999999998

0.0
1.0
9.0
4.914200000000001

0.0
1.0
9.0
4.8763000000000005

0.0
1.0
9.0
4.853100000000001

0.0
1.0
9.0
4.876100000000001

0.0
1.0
9.0
4.887599999999999

0.0
1.0
9.0
4.873100000000001

0.0
1.0
9.0
4.878399999999999

0.0
1.0
9.0
4.866399999999999

0.0
1.0
9.0
4.9040000000000035

0.0
1.0
9.0
4.984200000000001

0.0
1.0
9.0
4.976700000000001

0.0
1.0
9.0
4.8568

0.0
1.0
9.0
4.894300000000001

0.0
1.0
9.0
4.868699999999997

0.0
1.0
9.0
4.9559

0.0
1.0
9.0
4.896799999999999

0.0
1.0
9.0
4.932699999999997

0.9998
0.0002
0.5189000000000004
0.9998

0.9935
0.0065
1.5984999999999996
1.9901

0.8946
0.1054
3.7817999999999996
2.7585

0.8027
0.1973
4.8711
3.4694000000000003

0.6795
0.3205
6.066
3.9972000000000003

0.5564
0.4436
7.0692
4.4193999999999996

0.4406
0.5594
7.8154
4.7298

0.3486
0.6514
8.4041
5.0131

0.2549
0.7451
8.8884
5.1262

0.1872
0.8128
9.208
5.2104

0.1388
0.8612
9.4477
5.3269

0.0956
0.9044
9.6274
5.3395

0.0703
0.9297
9.7426
5.4257

0.0433
0.9567
9.8389
5.3438

0.032
0.968
9.8906
5.4952000000000005

0.0212
0.9788
9.9285
5.4071

0.014
0.986
9.9497
5.476800000000001

0.008
0.992
9.9742
5.4198

0.0051
0.9949
9.9843
5.4765999999999995

0.0053
0.9947
9.9847
5.490500000000001

0.0018
0.9982
9.9945
5.4792000000000005

0.0017
0.9983
9.9954
5.4922

0.0013
0.9987
9.9967
5.4445000000000014

0.0008
0.9992
9.9975
5.4605999999999995

0.0002
0.9998
9.9993
5.471299999999999

0.0004
0.9996
9.9988
5.465900000000001

0.0001
0.9999
9.9997
5.4297

0.0
1.0
10.0
5.5229

0.0002
0.9998
9.9996
5.502300000000002

0.0002
0.9998
9.9995
5.4573

0.0
1.0
10.0
5.4953

0.0
1.0
10.0
5.466999999999999

0.0
1.0
10.0
5.4283

0.0
1.0
10.0
5.469100000000001

0.0
1.0
10.0
5.517600000000002

0.0001
0.9999
9.9999
5.5411

0.0
1.0
10.0
5.454699999999999

0.0
1.0
10.0
5.511600000000001

0.0
1.0
10.0
5.4228999999999985

0.0
1.0
10.0
5.486400000000003

0.0
1.0
10.0
5.484699999999997

0.0
1.0
10.0
5.441600000000001

0.0
1.0
10.0
5.462800000000001

0.0
1.0
10.0
5.4955

0.0
1.0
10.0
5.4392

0.0
1.0
10.0
5.499299999999998

0.0
1.0
10.0
5.527999999999999

0.0
1.0
10.0
5.469299999999997

0.0
1.0
10.0
5.476999999999997

0.0
1.0
10.0
5.4437

1.0
0.0
0.5166000000000004
1.0

0.9974
0.0026
1.5307999999999993
1.9955

0.9237
0.0763
3.7655000000000003
2.8255

0.8469
0.1531
4.9641
3.5922

0.7317
0.2683
6.2908
4.1897

0.6194
0.3806
7.3408999999999995
4.6907

0.5067
0.4933
8.2396
5.0773

0.4039
0.5961
8.9518
5.352399999999999

0.3099
0.6901
9.5191
5.5253

0.2467
0.7533
9.8613
5.7486

0.1746
0.8254
10.2332
5.8377

0.1269
0.8731
10.4571
5.9197

0.0906
0.9094
10.6411
5.8994

0.0653
0.9347
10.7508
6.0077

0.0463
0.9537
10.822
5.996

0.03
0.97
10.8954
6.0198

0.0231
0.9769
10.9186
6.054399999999999

0.0148
0.9852
10.9503
6.055

0.0103
0.9897
10.9623
6.0335

0.0065
0.9935
10.9789
6.0230999999999995

0.0041
0.9959
10.9852
6.1045

0.0025
0.9975
10.9921
6.0153

0.0018
0.9982
10.9945
6.045300000000001

0.0016
0.9984
10.9943
6.130800000000001

0.0011
0.9989
10.9968
6.0394000000000005

0.0004
0.9996
10.9987
6.0535

0.0002
0.9998
10.9995
6.070399999999999

0.0002
0.9998
10.9995
6.006599999999999

0.0004
0.9996
10.9986
5.9742999999999995

0.0002
0.9998
10.9993
6.0459

0.0
1.0
11.0
6.063099999999999

0.0002
0.9998
10.9996
6.0146000000000015

0.0
1.0
11.0
5.975999999999999

0.0
1.0
11.0
6.064800000000002

0.0
1.0
11.0
6.062100000000001

0.0
1.0
11.0
6.057099999999998

0.0
1.0
11.0
6.093399999999999

0.0
1.0
11.0
6.098700000000001

0.0
1.0
11.0
6.087499999999999

0.0
1.0
11.0
6.073500000000003

0.0
1.0
11.0
6.097900000000003

0.0
1.0
11.0
6.046199999999999

0.0
1.0
11.0
6.048499999999997

0.0
1.0
11.0
6.0685

0.0
1.0
11.0
6.015799999999999

0.0
1.0
11.0
6.0321

0.0
1.0
11.0
6.0456999999999965

0.0
1.0
11.0
6.048699999999997

0.0
1.0
11.0
6.077800000000003

0.0
1.0
11.0
6.026200000000003

1.0
0.0
0.5037000000000003
1.0

0.9987
0.0013
1.5419
1.9977

0.9509
0.0491
3.821999999999999
2.8938

0.8732
0.1268
5.1503
3.6715

0.7899
0.2101
6.3963
4.3704

0.6841
0.3159
7.6257
4.9341

0.5691
0.4309
8.615400000000001
5.3565000000000005

0.4622
0.5378
9.4265
5.7001

0.3662
0.6338
10.0936
5.9417

0.2955
0.7045
10.5319
6.1925

0.2257
0.7743
10.9348
6.3888

0.1673
0.8327
11.2451
6.4218

0.1246
0.8754
11.463799999999999
6.4875

0.0837
0.9163
11.6482
6.5039

0.0622
0.9378
11.7549
6.5268999999999995

0.0453
0.9547
11.8218
6.647500000000001

0.0326
0.9674
11.8756
6.5747

0.0225
0.9775
11.9168
6.6518

0.0163
0.9837
11.9384
6.668100000000001

0.0106
0.9894
11.9614
6.6578

0.0066
0.9934
11.9749
6.661899999999999

0.0048
0.9952
11.9852
6.6251999999999995

0.0033
0.9967
11.9904
6.6545999999999985

0.0016
0.9984
11.9959
6.625699999999998

0.0022
0.9978
11.9922
6.7134

0.0008
0.9992
11.9973
6.6053

0.0009
0.9991
11.9973
6.724399999999999

0.0005
0.9995
11.9985
6.732700000000001

0.0001
0.9999
11.9997
6.6632

0.0003
0.9997
11.9986
6.6297999999999995

0.0001
0.9999
11.9997
6.669799999999999

0.0001
0.9999
11.9997
6.662400000000002

0.0
1.0
12.0
6.629899999999999

0.0
1.0
12.0
6.6708

0.0
1.0
12.0
6.669699999999999

0.0
1.0
12.0
6.654499999999999

0.0
1.0
12.0
6.673200000000001

0.0
1.0
12.0
6.646000000000001

0.0
1.0
12.0
6.657800000000002

0.0
1.0
12.0
6.710900000000002

0.0
1.0
12.0
6.620899999999999

0.0
1.0
12.0
6.651200000000003

0.0
1.0
12.0
6.617800000000003

0.0
1.0
12.0
6.647500000000001

0.0
1.0
12.0
6.668599999999998

0.0
1.0
12.0
6.654699999999998

0.0
1.0
12.0
6.667200000000001

0.0
1.0
12.0
6.6402

0.0
1.0
12.0
6.6066999999999965

0.0
1.0
12.0
6.638300000000001

1.0
0.0
0.5221999999999998
1.0

0.9995
0.0005
1.5345999999999993
1.9992

0.9629
0.0371
3.8452
2.9156

0.9042
0.0958
5.1399
3.7441

0.8203
0.1797
6.5921
4.4719999999999995

0.7299
0.2701
7.9058
5.1151

0.633
0.367
8.9049
5.6284

0.521
0.479
9.8933
6.0065

0.4314
0.5686
10.5841
6.3513

0.3452
0.6548
11.1597
6.6032

0.2609
0.7391
11.700800000000001
6.7516

0.2046
0.7954
12.015
6.9394

0.1471
0.8529
12.3241
6.9475

0.1096
0.8904
12.5252
7.0892

0.0855
0.9145
12.6389
7.1449

0.0596
0.9404
12.7513
7.1762999999999995

0.0428
0.9572
12.8281
7.1654

0.033
0.967
12.8687
7.3078

0.0213
0.9787
12.9208
7.1745

0.0127
0.9873
12.9488
7.1998

0.0105
0.9895
12.9632
7.230700000000001

0.0065
0.9935
12.9756
7.217499999999999

0.0049
0.9951
12.9845
7.2803

0.0033
0.9967
12.9891
7.205400000000001

0.0021
0.9979
12.9933
7.244299999999999

0.002
0.998
12.9935
7.1144

0.0008
0.9992
12.9972
7.2119

0.0002
0.9998
12.9993
7.107800000000001

0.0005
0.9995
12.9981
7.1968

0.0004
0.9996
12.9991
7.274000000000001

0.0
1.0
13.0
7.303699999999999

0.0
1.0
13.0
7.1614

0.0
1.0
13.0
7.2697

0.0
1.0
13.0
7.253399999999999

0.0
1.0
13.0
7.232700000000001

0.0
1.0
13.0
7.2638

0.0
1.0
13.0
7.2165

0.0
1.0
13.0
7.2468

0.0
1.0
13.0
7.220300000000002

0.0
1.0
13.0
7.248899999999999

0.0
1.0
13.0
7.25

0.0
1.0
13.0
7.264000000000003

0.0
1.0
13.0
7.218800000000002

0.0
1.0
13.0
7.1850999999999985

0.0
1.0
13.0
7.2402000000000015

0.0
1.0
13.0
7.203099999999999

0.0
1.0
13.0
7.2896

0.0
1.0
13.0
7.228400000000001

0.0
1.0
13.0
7.3012000000000015

0.0
1.0
13.0
7.244

1.0
0.0
0.5183999999999997
1.0

0.9995
0.0005
1.5447000000000006
1.9992

0.9714
0.0286
3.904299999999999
2.9359

0.9255
0.0745
5.1989
3.8071

0.8607
0.1393
6.7057
4.5989

0.7703
0.2297
8.112
5.2447

0.6801
0.3199
9.2259
5.8374

0.5872
0.4128
10.1658
6.3343

0.4869
0.5131
11.0399
6.661

0.3912
0.6088
11.7677
6.9796

0.3158
0.6842
12.3067
7.2021999999999995

0.2503
0.7497
12.7213
7.3884

0.1852
0.8148
13.0666
7.3971

0.1476
0.8524
13.3026
7.6754

0.1126
0.8874
13.4846
7.6543

0.0796
0.9204
13.6595
7.727499999999999

0.0586
0.9414
13.7546
7.811

0.0422
0.9578
13.8201
7.7133

0.028
0.972
13.8829
7.693

0.0213
0.9787
13.9154
7.7095

0.0158
0.9842
13.9405
7.8073

0.0105
0.9895
13.9607
7.7742

0.0054
0.9946
13.9808
7.801500000000001

0.0043
0.9957
13.9857
7.8232

0.004
0.996
13.9851
7.792100000000001

0.0017
0.9983
13.9941
7.843299999999999

0.0017
0.9983
13.9946
7.809899999999999

0.0009
0.9991
13.9969
7.808499999999999

0.0004
0.9996
13.9988
7.774799999999999

0.0003
0.9997
13.9988
7.859500000000001

0.0001
0.9999
13.9997
7.912600000000001

0.0002
0.9998
13.9991
7.882300000000001

0.0002
0.9998
13.9997
7.7890000000000015

0.0001
0.9999
13.9996
7.764399999999998

0.0
1.0
14.0
7.7379

0.0001
0.9999
13.9997
7.724

0.0
1.0
14.0
7.8141

0.0
1.0
14.0
7.889299999999999

0.0
1.0
14.0
7.745000000000001

0.0
1.0
14.0
7.802599999999998

0.0
1.0
14.0
7.752800000000001

0.0
1.0
14.0
7.859099999999998

0.0
1.0
14.0
7.8466999999999985

0.0
1.0
14.0
7.780000000000001

0.0
1.0
14.0
7.842500000000001

0.0
1.0
14.0
7.840499999999999

0.0
1.0
14.0
7.870800000000003

0.0
1.0
14.0
7.712000000000003

0.0
1.0
14.0
7.8125

0.0
1.0
14.0
7.831299999999999

1.0
0.0
0.5088000000000008
1.0

1.0
0.0
1.5755999999999997
2.0

0.9786
0.0214
3.8851999999999993
2.9523

0.9421
0.0579
5.2638
3.8532

0.8852
0.1148
6.786099999999999
4.675

0.8097
0.1903
8.1805
5.4022

0.7212
0.2788
9.4704
6.0182

0.6207
0.3793
10.5836
6.4895

0.5424
0.4576
11.432500000000001
6.993399999999999

0.4472
0.5528
12.2665
7.356

0.3694
0.6306
12.8614
7.603400000000001

0.2881
0.7119
13.4271
7.7955

0.2362
0.7638
13.7346
8.0435

0.1775
0.8225
14.1061
8.1188

0.1391
0.8609
14.3299
8.171800000000001

0.1027
0.8973
14.5192
8.246500000000001

0.0769
0.9231
14.6522
8.3504

0.0548
0.9452
14.7712
8.346

0.0399
0.9601
14.827
8.3643

0.0273
0.9727
14.8876
8.3054

0.0209
0.9791
14.9051
8.4163

0.0135
0.9865
14.9451
8.3399

0.0113
0.9887
14.9556
8.2948

0.0075
0.9925
14.9718
8.3958

0.0055
0.9945
14.978
8.4482

0.0039
0.9961
14.9852
8.4467

0.003
0.997
14.9894
8.2974

0.0013
0.9987
14.9948
8.3767

0.0013
0.9987
14.9947
8.368200000000002

0.0007
0.9993
14.9976
8.546399999999998

0.0003
0.9997
14.9986
8.406600000000001

0.0001
0.9999
14.9996
8.412700000000001

0.0004
0.9996
14.9991
8.395

0.0001
0.9999
14.9996
8.338000000000001

0.0
1.0
15.0
8.4559

0.0001
0.9999
14.9998
8.3533

0.0001
0.9999
14.9996
8.3504

0.0
1.0
15.0
8.324200000000001

0.0
1.0
15.0
8.3307

0.0
1.0
15.0
8.399899999999999

0.0
1.0
15.0
8.389200000000002

0.0
1.0
15.0
8.392200000000003

0.0
1.0
15.0
8.389499999999998

0.0
1.0
15.0
8.4007

0.0
1.0
15.0
8.396299999999997

0.0
1.0
15.0
8.4118

0.0
1.0
15.0
8.341099999999997

0.0
1.0
15.0
8.395400000000002

0.0
1.0
15.0
8.380499999999998

0.0
1.0
15.0
8.371099999999998

1.0
0.0
0.5107999999999997
1.0

1.0
0.0
1.5350000000000001
2.0

0.9855
0.0145
3.8005999999999993
2.9689

0.9572
0.0428
5.2308
3.887

0.9072
0.0928
6.8772
4.7473

0.8436
0.1564
8.3518
5.5085

0.7639
0.2361
9.755099999999999
6.1688

0.6752
0.3248
10.8194
6.7698

0.583
0.417
11.8672
7.2451

0.4983
0.5017
12.7284
7.6411

0.4165
0.5835
13.4449
7.9498999999999995

0.3347
0.6653
14.035
8.1743

0.2782
0.7218
14.424199999999999
8.464400000000001

0.2151
0.7849
14.876
8.6171

0.1613
0.8387
15.1718
8.6708

0.1317
0.8683
15.3589
8.819600000000001

0.0948
0.9052
15.5589
8.8191

0.0717
0.9283
15.6792
8.9289

0.0531
0.9469
15.77
8.9188

0.0385
0.9615
15.8349
8.9403

0.0265
0.9735
15.8826
8.9214

0.0213
0.9787
15.9086
8.9612

0.0132
0.9868
15.9493
8.9087

0.009
0.991
15.9657
8.9501

0.0066
0.9934
15.9749
8.9983

0.0041
0.9959
15.9861
8.973199999999999

0.0033
0.9967
15.9892
8.873899999999999

0.0018
0.9982
15.9945
8.891200000000001

0.0019
0.9981
15.9943
8.9907

0.0014
0.9986
15.9945
8.956399999999999

0.0011
0.9989
15.9969
9.0196

0.0002
0.9998
15.9996
9.0806

0.0004
0.9996
15.999
8.9967

0.0004
0.9996
15.9989
8.9894

0.0004
0.9996
15.9987
9.008

0.0002
0.9998
15.9994
8.9769

0.0
1.0
16.0
8.968800000000002

0.0001
0.9999
15.9999
8.970300000000002

0.0001
0.9999
15.9998
8.9724

0.0
1.0
16.0
8.9951

0.0
1.0
16.0
9.034300000000002

0.0
1.0
16.0
8.887300000000003

0.0
1.0
16.0
9.044199999999996

0.0
1.0
16.0
9.037599999999998

0.0
1.0
16.0
9.082799999999999

0.0
1.0
16.0
8.9895

0.0
1.0
16.0
9.009799999999998

0.0
1.0
16.0
8.8782

0.0
1.0
16.0
8.923200000000001

0.0
1.0
16.0
9.0291

1.0
0.0
0.5199999999999996
1.0

1.0
0.0
1.5281000000000002
2.0

0.9885
0.0115
3.8992000000000004
2.9743

0.9654
0.0346
5.3812999999999995
3.9123

0.9275
0.0725
6.840999999999999
4.7977

0.8732
0.1268
8.4854
5.6089

0.796
0.204
9.828199999999999
6.2985

0.7264
0.2736
10.9697
6.9611

0.6453
0.3547
11.9936
7.5463000000000005

0.5557
0.4443
13.0084
7.9695

0.466
0.534
13.8948
8.3399

0.3932
0.6068
14.5444
8.6533

0.3185
0.6815
15.1152
8.840399999999999

0.2534
0.7466
15.55
9.056000000000001

0.1972
0.8028
15.9512
9.200700000000001

0.1612
0.8388
16.1488
9.3817

0.1232
0.8768
16.3885
9.447600000000001

0.09
0.91
16.5647
9.4291

0.0672
0.9328
16.6847
9.4632

0.0513
0.9487
16.7681
9.5816

0.0382
0.9618
16.8455
9.5783

0.0273
0.9727
16.8879
9.4862

0.021
0.979
16.9117
9.5205

0.0129
0.9871
16.9459
9.5182

0.0097
0.9903
16.9655
9.5072

0.0062
0.9938
16.9768
9.5989

0.0053
0.9947
16.9812
9.613499999999998

0.003
0.997
16.988
9.510100000000001

0.0019
0.9981
16.9931
9.5334

0.0024
0.9976
16.9907
9.6253

0.0011
0.9989
16.9952
9.646899999999999

0.0009
0.9991
16.9968
9.5034

0.0005
0.9995
16.9984
9.637699999999999

0.0001
0.9999
16.9996
9.5531

0.0
1.0
17.0
9.6084

0.0002
0.9998
16.9995
9.5138

0.0001
0.9999
16.9997
9.5623

0.0001
0.9999
16.9998
9.5857

0.0
1.0
17.0
9.6433

0.0
1.0
17.0
9.5626

0.0
1.0
17.0
9.598600000000001

0.0
1.0
17.0
9.482300000000002

0.0
1.0
17.0
9.530299999999997

0.0
1.0
17.0
9.513199999999998

0.0001
0.9999
16.9998
9.586599999999997

0.0
1.0
17.0
9.530500000000004

0.0
1.0
17.0
9.6085

0.0
1.0
17.0
9.616

0.0
1.0
17.0
9.5565

0.0
1.0
17.0
9.647399999999998

1.0
0.0
0.5139999999999993
1.0

1.0
0.0
1.5858999999999988
2.0

0.992
0.008
3.957700000000001
2.9824

0.9756
0.0244
5.3329
3.9396

0.9419
0.0581
6.9207
4.8337

0.899
0.101
8.5049
5.6864

0.8333
0.1667
9.9912
6.4394

0.761
0.239
11.2283
7.108

0.6815
0.3185
12.4391
7.7207

0.5929
0.4071
13.4709
8.2073

0.5156
0.4844
14.2989
8.6363

0.4304
0.5696
15.1079
8.9466

0.3651
0.6349
15.6791
9.3144

0.2863
0.7137
16.2628
9.4421

0.234
0.766
16.6238
9.624500000000001

0.1876
0.8124
16.9745
9.7849

0.1463
0.8537
17.2138
9.8914

0.1177
0.8823
17.4109
9.9683

0.0841
0.9159
17.5962
9.9885

0.0631
0.9369
17.6878
10.0763

0.0474
0.9526
17.768
10.0496

0.0384
0.9616
17.8276
10.1194

0.0259
0.9741
17.885
10.1232

0.0185
0.9815
17.921
10.0761

0.0134
0.9866
17.9495
10.2228

0.0101
0.9899
17.9596
10.1391

0.0071
0.9929
17.9675
10.112300000000001

0.0053
0.9947
17.9844
10.1752

0.0028
0.9972
17.9868
10.156199999999998

0.0027
0.9973
17.9896
10.154900000000001

0.0015
0.9985
17.994
10.057300000000001

0.0006
0.9994
17.9978
10.129100000000001

0.0008
0.9992
17.9962
10.1528

0.0003
0.9997
17.9987
10.099799999999998

0.0005
0.9995
17.9977
10.178999999999998

0.0004
0.9996
17.9989
10.163799999999998

0.0002
0.9998
17.9994
10.146799999999999

0.0
1.0
18.0
10.2197

0.0001
0.9999
17.9996
10.1674

0.0
1.0
18.0
10.2116

0.0
1.0
18.0
10.260000000000002

0.0
1.0
18.0
10.1555

0.0
1.0
18.0
10.243299999999998

0.0
1.0
18.0
10.210099999999997

0.0
1.0
18.0
10.215000000000003

0.0
1.0
18.0
10.155299999999997

0.0
1.0
18.0
10.190399999999997

0.0
1.0
18.0
10.2014

0.0
1.0
18.0
10.188299999999998

0.0
1.0
18.0
10.102400000000003

1.0
0.0
0.5178000000000011
1.0

1.0
0.0
1.540700000000001
2.0

0.9942
0.0058
3.958500000000001
2.9866

0.9794
0.0206
5.366099999999999
3.9497

0.9539
0.0461
7.0143
4.8729

0.9171
0.0829
8.6114
5.7562

0.858
0.142
10.0635
6.5344999999999995

0.798
0.202
11.504
7.2625

0.7245
0.2755
12.6592
7.905

0.6525
0.3475
13.666
8.4946

0.5603
0.4397
14.7521
8.9258

0.4895
0.5105
15.4704
9.3594

0.4012
0.5988
16.2951
9.6219

0.3361
0.6639
16.8439
9.8805

0.2744
0.7256
17.3353
10.0932

0.219
0.781
17.7175
10.1984

0.1722
0.8278
18.0429
10.32

0.1436
0.8564
18.2562
10.5749

0.1035
0.8965
18.4834
10.486

0.0811
0.9189
18.6061
10.6178

0.0603
0.9397
18.7072
10.6942

0.0484
0.9516
18.7692
10.6334

0.0322
0.9678
18.8525
10.6176

0.027
0.973
18.8817
10.6995

0.0178
0.9822
18.9196
10.6481

0.0122
0.9878
18.9446
10.691

0.0096
0.9904
18.9606
10.8205

0.0074
0.9926
18.9687
10.781600000000001

0.0039
0.9961
18.9817
10.643999999999998

0.0046
0.9954
18.9799
10.8216

0.002
0.998
18.9928
10.709700000000002

0.0017
0.9983
18.9936
10.7254

0.0014
0.9986
18.9952
10.8004

0.0011
0.9989
18.9962
10.786100000000001

0.0007
0.9993
18.9974
10.657599999999999

0.0002
0.9998
18.9996
10.787099999999999

0.0002
0.9998
18.999
10.751000000000001

0.0002
0.9998
18.9992
10.7059

0.0
1.0
19.0
10.756

0.0
1.0
19.0
10.7864

0.0001
0.9999
18.9998
10.696200000000001

0.0
1.0
19.0
10.6646

0.0
1.0
19.0
10.765799999999999

0.0
1.0
19.0
10.802799999999998

0.0
1.0
19.0
10.767000000000003

0.0
1.0
19.0
10.798900000000003

0.0
1.0
19.0
10.6781

0.0
1.0
19.0
10.6721

0.0
1.0
19.0
10.79

0.0
1.0
19.0
10.799199999999999

1.0
0.0
0.5212000000000003
1.0

1.0
0.0
1.5350000000000001
2.0

0.9962
0.0038
3.845600000000001
2.9911

0.9838
0.0162
5.3376
3.9602

0.9648
0.0352
7.036300000000001
4.9049

0.9342
0.0658
8.6116
5.802

0.8837
0.1163
10.087
6.618

0.8262
0.1738
11.5794
7.3862

0.7666
0.2334
12.7085
8.0978

0.6836
0.3164
14.0342
8.6569

0.6099
0.3901
15.0404
9.2209

0.5218
0.4782
16.0415
9.6122

0.4402
0.5598
16.8877
9.9128

0.3894
0.6106
17.3832
10.390699999999999

0.3051
0.6949
18.0131
10.4724

0.26
0.74
18.4031
10.764199999999999

0.2056
0.7944
18.807
10.8055

0.1682
0.8318
19.0343
11.026399999999999

0.1268
0.8732
19.3192
11.076

0.0982
0.9018
19.4941
11.1203

0.0773
0.9227
19.605
11.1567

0.0617
0.9383
19.696
11.1977

0.046
0.954
19.7816
11.2164

0.0355
0.9645
19.8203
11.3058

0.0263
0.9737
19.8828
11.2858

0.0166
0.9834
19.922
11.2586

0.0139
0.9861
19.9404
11.3016

0.0082
0.9918
19.9668
11.282800000000002

0.0068
0.9932
19.9707
11.313300000000002

0.0055
0.9945
19.9822
11.281199999999998

0.0031
0.9969
19.9875
11.2652

0.0017
0.9983
19.9951
11.360600000000002

0.0017
0.9983
19.9944
11.247800000000002

0.0013
0.9987
19.9948
11.290199999999999

0.0005
0.9995
19.9974
11.3615

0.0003
0.9997
19.9986
11.3504

0.0004
0.9996
19.9986
11.3081

0.0001
0.9999
19.9999
11.274899999999999

0.0003
0.9997
19.9986
11.392399999999999

0.0003
0.9997
19.999
11.2696

0.0001
0.9999
19.9997
11.448799999999999

0.0
1.0
20.0
11.270900000000001

0.0
1.0
20.0
11.3062

0.0
1.0
20.0
11.2975

0.0
1.0
20.0
11.207799999999999

0.0
1.0
20.0
11.365299999999998

0.0
1.0
20.0
11.3371

0.0
1.0
20.0
11.277999999999999

0.0
1.0
20.0
11.351799999999997

0.0
1.0
20.0
11.305399999999999

1.0
0.0
0.5286000000000008
1.0

1.0
0.0
1.5459999999999994
2.0

0.9975
0.0025
3.8834000000000017
2.9945

0.9892
0.0108
5.332599999999999
3.9737

0.9704
0.0296
7.072900000000001
4.9181

0.9434
0.0566
8.6924
5.8307

0.9038
0.0962
10.1725
6.692

0.8533
0.1467
11.7637
7.4855

0.7942
0.2058
13.0001
8.2215

0.7096
0.2904
14.421299999999999
8.805

0.645
0.355
15.4356
9.3961

0.5781
0.4219
16.2857
9.9411

0.4897
0.5103
17.27
10.297699999999999

0.4313
0.5687
17.916
10.6923

0.3547
0.6453
18.6252
10.9129

0.2907
0.7093
19.1811
11.0933

0.2485
0.7515
19.4699
11.315000000000001

0.196
0.804
19.8246
11.4735

0.1522
0.8478
20.1263
11.6253

0.1246
0.8754
20.3116
11.6572

0.0936
0.9064
20.5054
11.692

0.0733
0.9267
20.6237
11.8316

0.0585
0.9415
20.7044
11.8577

0.0414
0.9586
20.8064
11.8662

0.0338
0.9662
20.8432
11.93

0.0208
0.9792
20.9077
11.8707

0.0179
0.9821
20.9226
11.8411

0.0114
0.9886
20.95
11.920000000000002

0.0086
0.9914
20.9636
11.8997

0.0062
0.9938
20.976
11.921600000000002

0.0049
0.9951
20.9812
11.9235

0.0029
0.9971
20.9877
11.906099999999999

0.0018
0.9982
20.9933
11.888200000000001

0.0014
0.9986
20.9944
11.8661

0.0007
0.9993
20.998
11.889

0.0012
0.9988
20.9959
11.956800000000001

0.0008
0.9992
20.9976
11.9402

0.0002
0.9998
20.9996
11.899899999999999

0.0003
0.9997
20.999
11.907599999999999

0.0004
0.9996
20.9987
11.8947

0.0
1.0
21.0
11.967400000000001

0.0
1.0
21.0
11.8276

0.0
1.0
21.0
11.9357

0.0
1.0
21.0
11.9403

0.0
1.0
21.0
11.852800000000002

0.0
1.0
21.0
11.903300000000002

0.0
1.0
21.0
11.927100000000003

0.0001
0.9999
20.9995
11.937399999999997

0.0
1.0
21.0
11.874000000000002

0.0
1.0
21.0
11.7984

1.0
0.0
0.5169999999999995
1.0

1.0
0.0
1.5371999999999986
2.0

0.9979
0.0021
3.872299999999999
2.9951

0.992
0.008
5.404800000000002
3.9799

0.977
0.023
7.016400000000001
4.9354

0.9556
0.0444
8.6589
5.8698

0.9189
0.0811
10.335
6.7356

0.8803
0.1197
11.8132
7.5852

0.8126
0.1874
13.2291
8.2996

0.7512
0.2488
14.526399999999999
9.0028

0.6836
0.3164
15.7165
9.6189

0.607
0.393
16.7499
10.1397

0.5378
0.4622
17.6211
10.596499999999999

0.4686
0.5314
18.4223
10.9957

0.3913
0.6087
19.2202
11.2895

0.3357
0.6643
19.6519
11.6187

0.2793
0.7207
20.176099999999998
11.7812

0.2259
0.7741
20.6061
11.9703

0.1749
0.8251
20.9922
12.0012

0.1411
0.8589
21.1917
12.2011

0.111
0.889
21.3853
12.1734

0.0892
0.9108
21.537
12.3348

0.0708
0.9292
21.6257
12.4531

0.0571
0.9429
21.7076
12.5124

0.0378
0.9622
21.8071
12.4109

0.0298
0.9702
21.8589
12.3678

0.0221
0.9779
21.8974
12.4594

0.0162
0.9838
21.9261
12.5328

0.0131
0.9869
21.9404
12.573799999999999

0.0081
0.9919
21.9666
12.4424

0.0067
0.9933
21.9734
12.481000000000002

0.0036
0.9964
21.986
12.493300000000001

0.0027
0.9973
21.9899
12.478100000000001

0.0033
0.9967
21.9837
12.4451

0.0022
0.9978
21.9902
12.4667

0.0003
0.9997
21.999
12.5579

0.0005
0.9995
21.9977
12.474599999999999

0.001
0.999
21.9967
12.398700000000002

0.0002
0.9998
21.9991
12.3945

0.0003
0.9997
21.9986
12.468699999999998

0.0
1.0
22.0
12.589300000000001

0.0
1.0
22.0
12.432400000000001

0.0002
0.9998
21.9988
12.411100000000001

0.0001
0.9999
21.9998
12.496300000000002

0.0001
0.9999
21.9997
12.508099999999999

0.0001
0.9999
21.9995
12.598100000000002

0.0
1.0
22.0
12.4114

0.0
1.0
22.0
12.504100000000001

0.0001
0.9999
21.9998
12.421700000000001

0.0
1.0
22.0
12.490400000000001

1.0
0.0
0.5182000000000002
1.0

1.0
0.0
1.5685000000000002
2.0

0.9984
0.0016
3.8607000000000014
2.9961

0.9939
0.0061
5.342600000000001
3.9846

0.9822
0.0178
7.0169999999999995
4.9531

0.9654
0.0346
8.6844
5.8981

0.9315
0.0685
10.2797
6.7886

0.8993
0.1007
11.8703
7.6585

0.8426
0.1574
13.3484
8.4258

0.7859
0.2141
14.6827
9.145

0.7274
0.2726
15.8773
9.8299

0.6549
0.3451
16.9951
10.412700000000001

0.5825
0.4175
18.0161
10.8875

0.5025
0.4975
18.930500000000002
11.241

0.4373
0.5627
19.7008
11.6778

0.3737
0.6263
20.2597
12.0158

0.3151
0.6849
20.8487
12.2534

0.2663
0.7337
21.2796
12.4646

0.2098
0.7902
21.668
12.562999999999999

0.1754
0.8246
21.9379
12.7665

0.1352
0.8648
22.2098
12.7095

0.1087
0.8913
22.3804
12.8846

0.0847
0.9153
22.5354
12.9111

0.0673
0.9327
22.6413
13.083

0.0472
0.9528
22.7554
12.9712

0.0392
0.9608
22.8052
13.0623

0.0299
0.9701
22.852
13.0909

0.0231
0.9769
22.892
13.1032

0.0139
0.9861
22.9331
12.994299999999999

0.0113
0.9887
22.9511
13.1787

0.0075
0.9925
22.9669
13.0197

0.0048
0.9952
22.9822
13.095500000000001

0.0036
0.9964
22.989
13.0794

0.0028
0.9972
22.988
13.133

0.0013
0.9987
22.9954
13.0705

0.0018
0.9982
22.9926
13.0641

0.0018
0.9982
22.9919
13.075199999999999

0.0007
0.9993
22.9971
13.070699999999999

0.0008
0.9992
22.9973
12.982199999999999

0.0005
0.9995
22.9989
13.186

0.0005
0.9995
22.9984
13.030999999999999

0.0001
0.9999
22.9998
13.0913

0.0001
0.9999
22.9998
13.0247

0.0002
0.9998
22.9992
13.0729

0.0
1.0
23.0
13.017499999999998

0.0
1.0
23.0
12.918500000000002

0.0
1.0
23.0
13.081299999999999

0.0
1.0
23.0
12.959200000000003

0.0
1.0
23.0
12.990499999999997

0.0
1.0
23.0
13.021700000000003

1.0
0.0
0.5370999999999988
1.0

1.0
0.0
1.5326999999999984
2.0

0.9987
0.0013
3.904399999999999
2.9968

0.9945
0.0055
5.344200000000001
3.9865

0.9879
0.0121
7.049099999999999
4.9664

0.972
0.028
8.7293
5.9199

0.9492
0.0508
10.3198
6.8438

0.9078
0.0922
11.9934
7.6846

0.8772
0.1228
13.3651
8.5549

0.8119
0.1881
14.815
9.2748

0.7611
0.2389
16.056
9.9865

0.6856
0.3144
17.3537
10.5489

0.6188
0.3812
18.4683
11.1045

0.5487
0.4513
19.3241
11.5989

0.4787
0.5213
20.1536
12.007200000000001

0.4123
0.5877
20.7887
12.355599999999999

0.3496
0.6504
21.473
12.6568

0.2966
0.7034
21.9345
12.8411

0.2392
0.7608
22.4391
13.0061

0.1994
0.8006
22.7344
13.1907

0.1632
0.8368
23.0096
13.296199999999999

0.1239
0.8761
23.2821
13.3909

0.0991
0.9009
23.4014
13.4247

0.0858
0.9142
23.5425
13.5609

0.0605
0.9395
23.6836
13.6213

0.0468
0.9532
23.7505
13.6674

0.0368
0.9632
23.8122
13.5465

0.0273
0.9727
23.8605
13.6469

0.021
0.979
23.9027
13.6319

0.0155
0.9845
23.9282
13.5624

0.0113
0.9887
23.945
13.613600000000002

0.0093
0.9907
23.956
13.665400000000002

0.0063
0.9937
23.9715
13.541

0.0051
0.9949
23.9773
13.532399999999999

0.0029
0.9971
23.9875
13.7074

0.0019
0.9981
23.992
13.7945

0.0016
0.9984
23.9925
13.6434

0.0007
0.9993
23.9964
13.667300000000001

0.0008
0.9992
23.997
13.5946

0.0003
0.9997
23.9988
13.580200000000001

0.0006
0.9994
23.9969
13.7393

0.0
1.0
24.0
13.6204

0.0001
0.9999
23.9991
13.7091

0.0002
0.9998
23.9996
13.6435

0.0
1.0
24.0
13.528199999999998

0.0002
0.9998
23.9992
13.717199999999998

0.0
1.0
24.0
13.677

0.0
1.0
24.0
13.751600000000003

0.0001
0.9999
23.9998
13.555999999999997

0.0
1.0
24.0
13.642699999999998

1.0
0.0
0.5017999999999994
1.0

1.0
0.0
1.5264999999999986
2.0

0.9992
0.0008
3.9110000000000014
2.9981

0.9962
0.0038
5.4421
3.9906

0.9904
0.0096
7.0076
4.973

0.9751
0.0249
8.7651
5.9244

0.961
0.039
10.3821
6.8814

0.927
0.073
12.0502
7.7655

0.8821
0.1179
13.5638
8.5847

0.8462
0.1538
14.9703
9.4108

0.7873
0.2127
16.3163
10.1068

0.7201
0.2799
17.500700000000002
10.7376

0.6565
0.3435
18.7191
11.3431

0.5817
0.4183
19.773699999999998
11.8036

0.5222
0.4778
20.612099999999998
12.3169

0.4458
0.5542
21.4369
12.6235

0.3912
0.6088
21.9999
12.972100000000001

0.3363
0.6637
22.5344
13.358699999999999

0.2848
0.7152
23.0108
13.5702

0.2309
0.7691
23.4585
13.6781

0.1832
0.8168
23.8506
13.7628

0.1478
0.8522
24.1077
13.7943

0.1202
0.8798
24.279
13.9803

0.0949
0.9051
24.463
14.0625

0.0782
0.9218
24.5708
14.1345

0.054
0.946
24.7106
14.0787

0.0461
0.9539
24.7581
14.1442

0.0336
0.9664
24.828
14.2031

0.0287
0.9713
24.8431
14.2858

0.0223
0.9777
24.8957
14.2414

0.0181
0.9819
24.9132
14.313400000000001

0.0115
0.9885
24.9435
14.3035

0.008
0.992
24.9656
14.1568

0.0066
0.9934
24.9722
14.2512

0.0049
0.9951
24.9793
14.360600000000002

0.0029
0.9971
24.9877
14.3371

0.0017
0.9983
24.9925
14.200700000000001

0.0014
0.9986
24.9936
14.280899999999999

0.0004
0.9996
24.999
14.2727

0.0012
0.9988
24.9947
14.286999999999999

0.0004
0.9996
24.999
14.2379

0.0004
0.9996
24.9982
14.3403

0.0004
0.9996
24.9986
14.157499999999999

0.0003
0.9997
24.999
14.290400000000002

0.0001
0.9999
24.9995
14.3231

0.0
1.0
25.0
14.2512

0.0
1.0
25.0
14.267400000000002

0.0
1.0
25.0
14.3052

0.0
1.0
25.0
14.252899999999997

0.0
1.0
25.0
14.1462

1.0
0.0
0.5016999999999996
1.0

1.0
0.0
1.5519999999999996
2.0

0.9991
0.0009
3.8718000000000004
2.998

0.9977
0.0023
5.410299999999999
3.9949

0.9916
0.0084
7.1480999999999995
4.9791

0.9808
0.0192
8.8644
5.9465

0.9633
0.0367
10.4744
6.8850999999999996

0.9413
0.0587
12.0542
7.8109

0.9074
0.0926
13.632
8.6788

0.8646
0.1354
15.0654
9.479

0.8099
0.1901
16.5567
10.2433

0.77
0.23
17.5953
11.0022

0.6908
0.3092
18.9476
11.5485

0.6264
0.3736
20.0446
12.117

0.5596
0.4404
20.9526
12.6043

0.4881
0.5119
21.8767
12.9832

0.422
0.578
22.621
13.2927

0.3718
0.6282
23.200499999999998
13.725200000000001

0.3107
0.6893
23.7337
13.9272

0.2642
0.7358
24.1913
14.099

0.2111
0.7889
24.6051
14.2257

0.1833
0.8167
24.8286
14.3915

0.137
0.863
25.1727
14.368

0.1116
0.8884
25.3315
14.5102

0.0884
0.9116
25.4786
14.5736

0.0729
0.9271
25.5899
14.697

0.054
0.946
25.7008
14.7871

0.0448
0.9552
25.7601
14.8107

0.0336
0.9664
25.838
14.854

0.0241
0.9759
25.8726
14.7437

0.0203
0.9797
25.9061
14.9194

0.0151
0.9849
25.9303
14.726600000000001

0.0102
0.9898
25.9543
14.776800000000001

0.0087
0.9913
25.9565
14.827200000000001

0.0053
0.9947
25.9758
14.8022

0.0042
0.9958
25.9815
14.790299999999998

0.0026
0.9974
25.9872
14.889800000000001

0.0019
0.9981
25.9922
14.824200000000001

0.0011
0.9989
25.9947
14.866900000000001

0.0009
0.9991
25.9956
14.8493

0.0011
0.9989
25.9956
14.8447

0.0002
0.9998
25.9995
14.819700000000001

0.0005
0.9995
25.9987
14.887699999999999

0.0003
0.9997
25.9986
14.7682

0.0002
0.9998
25.9996
14.817599999999999

0.0
1.0
26.0
14.836500000000001

0.0
1.0
26.0
14.7226

0.0001
0.9999
25.9993
14.838999999999999

0.0
1.0
26.0
14.790199999999999

0.0
1.0
26.0
14.876100000000001

1.0
0.0
0.5213999999999999
1.0

1.0
0.0
1.5424000000000007
2.0

0.9997
0.0003
3.8976000000000006
2.9993

0.9967
0.0033
5.474699999999999
3.9911

0.9947
0.0053
7.113900000000001
4.9858

0.9842
0.0158
8.825
5.9566

0.9701
0.0299
10.5241
6.9108

0.9508
0.0492
11.9149
7.8461

0.9216
0.0784
13.6652
8.7329

0.8895
0.1105
15.1473
9.587

0.8432
0.1568
16.6346
10.3774

0.7853
0.2147
17.9411
11.0875

0.7211
0.2789
19.3022
11.718399999999999

0.665
0.335
20.2769
12.3683

0.5864
0.4136
21.4188
12.7887

0.5294
0.4706
22.270699999999998
13.295

0.465
0.535
23.0627
13.7024

0.3985
0.6015
23.8188
14.022400000000001

0.3478
0.6522
24.3024
14.3549

0.2991
0.7009
24.8444
14.594100000000001

0.2451
0.7549
25.3101
14.7118

0.2012
0.7988
25.6644
14.829699999999999

0.1737
0.8263
25.8627
15.1494

0.1365
0.8635
26.1262
15.2351

0.1071
0.8929
26.3398
15.1822

0.0872
0.9128
26.4807
15.273

0.0687
0.9313
26.6062
15.2108

0.0521
0.9479
26.7091
15.3025

0.0413
0.9587
26.7799
15.2097

0.0285
0.9715
26.8482
15.365

0.0206
0.9794
26.8879
15.2767

0.0181
0.9819
26.9117
15.355899999999998

0.0145
0.9855
26.9299
15.4098

0.0063
0.9937
26.972
15.4058

0.0078
0.9922
26.9637
15.2746

0.0052
0.9948
26.9727
15.4468

0.0042
0.9958
26.9822
15.442699999999999

0.0032
0.9968
26.9867
15.452200000000001

0.0021
0.9979
26.9896
15.479099999999999

0.0019
0.9981
26.9924
15.4097

0.0008
0.9992
26.9973
15.340800000000002

0.0008
0.9992
26.9966
15.462599999999998

0.0004
0.9996
26.9978
15.4863

0.0008
0.9992
26.9973
15.448899999999998

0.0003
0.9997
26.9983
15.4499

0.0002
0.9998
26.9983
15.3431

0.0002
0.9998
26.9992
15.3949

0.0
1.0
27.0
15.367199999999997

0.0
1.0
27.0
15.335299999999997

0.0001
0.9999
26.9998
15.402900000000002

1.0
0.0
0.5037999999999982
1.0

1.0
0.0
1.5486000000000004
2.0

0.9998
0.0002
3.9375999999999998
2.9995

0.9983
0.0017
5.2917999999999985
3.9961

0.9952
0.0048
7.063099999999999
4.9874

0.9893
0.0107
8.7913
5.9712

0.9783
0.0217
10.493500000000001
6.9366

0.9641
0.0359
11.9499
7.8884

0.9317
0.0683
13.7555
8.7595

0.904
0.096
15.2378
9.6529

0.8582
0.1418
16.756500000000003
10.4399

0.8061
0.1939
18.1976
11.1831

0.7539
0.2461
19.3903
11.8806

0.6956
0.3044
20.6828
12.5186

0.6338
0.3662
21.7129
13.0693

0.5713
0.4287
22.6296
13.6005

0.5017
0.4983
23.5459
13.9448

0.4286
0.5714
24.3385
14.3452

0.3855
0.6145
24.8893
14.734200000000001

0.3232
0.6768
25.5341
14.901399999999999

0.2562
0.7438
26.1409
15.068200000000001

0.2264
0.7736
26.4032
15.3423

0.1825
0.8175
26.7581
15.380600000000001

0.1533
0.8467
26.9843
15.6222

0.1219
0.8781
27.218
15.6586

0.1002
0.8998
27.3812
15.7316

0.0829
0.9171
27.5093
15.7818

0.0623
0.9377
27.6393
15.8069

0.0453
0.9547
27.7369
15.8591

0.0348
0.9652
27.8122
15.8508

0.0284
0.9716
27.8453
15.8934

0.0218
0.9782
27.8832
15.862100000000002

0.0207
0.9793
27.895
15.924499999999998

0.0127
0.9873
27.9374
16.0066

0.0105
0.9895
27.9465
16.1171

0.0071
0.9929
27.9683
16.0017

0.0062
0.9938
27.971
15.9433

0.004
0.996
27.9808
15.956

0.0025
0.9975
27.987
16.004

0.0019
0.9981
27.9922
16.0719

0.0014
0.9986
27.9931
16.0034

0.0017
0.9983
27.9918
15.9464

0.001
0.999
27.9956
15.9622

0.0005
0.9995
27.9981
16.0128

0.0003
0.9997
27.9985
16.0094

0.0003
0.9997
27.9989
15.9481

0.0001
0.9999
27.9998
16.0125

0.0002
0.9998
27.9993
16.1498

0.0002
0.9998
27.998
16.050800000000002

0.0001
0.9999
27.9998
15.900500000000001

1.0
0.0
0.49370000000000047
1.0

1.0
0.0
1.5717999999999996
2.0

0.9996
0.0004
3.9298
2.9992

0.9993
0.0007
5.3538
3.9983

0.9946
0.0054
7.116099999999999
4.9844

0.9921
0.0079
8.857
5.9787

0.9808
0.0192
10.471699999999998
6.9429

0.9681
0.0319
12.0871
7.8971

0.9453
0.0547
13.8293
8.8171

0.9171
0.0829
15.3128
9.7015

0.8802
0.1198
16.830199999999998
10.5436

0.8346
0.1654
18.2442
11.3159

0.7838
0.2162
19.6126
12.0419

0.728
0.272
20.85
12.7241

0.6758
0.3242
21.914
13.2954

0.6
0.4
23.0322
13.8086

0.5317
0.4683
24.0608
14.294

0.4724
0.5276
24.8244
14.6686

0.41
0.59
25.5414
15.0234

0.3669
0.6331
26.0924
15.3722

0.313
0.687
26.5785
15.6539

0.2563
0.7437
27.1191
15.7407

0.2132
0.7868
27.5133
15.9056

0.1756
0.8244
27.8147
16.008200000000002

0.1407
0.8593
28.0619
16.168799999999997

0.122
0.878
28.2223
16.363

0.0992
0.9008
28.3831
16.4114

0.0772
0.9228
28.5331
16.4085

0.06
0.94
28.6435
16.410899999999998

0.0487
0.9513
28.7266
16.567999999999998

0.0393
0.9607
28.7874
16.6113

0.0264
0.9736
28.8632
16.4988

0.0231
0.9769
28.8757
16.6243

0.0167
0.9833
28.907
16.5995

0.0108
0.9892
28.9465
16.5923

0.0089
0.9911
28.9572
16.4054

0.0076
0.9924
28.9636
16.6067

0.0047
0.9953
28.9731
16.4556

0.0037
0.9963
28.9828
16.6101

0.0034
0.9966
28.9833
16.5962

0.0021
0.9979
28.9906
16.6434

0.0018
0.9982
28.9912
16.6738

0.001
0.999
28.9955
16.5465

0.0004
0.9996
28.9988
16.5854

0.0008
0.9992
28.996
16.7372

0.0006
0.9994
28.998
16.7603

0.0005
0.9995
28.9981
16.6285

0.0003
0.9997
28.9989
16.5539

0.0
1.0
29.0
16.6755

0.0
1.0
29.0
16.551099999999998

1.0
0.0
0.5208000000000013
1.0

1.0
0.0
1.5188999999999986
2.0

0.9997
0.0003
3.8759000000000015
2.9992

0.9988
0.0012
5.462199999999999
3.9965

0.9986
0.0014
7.139700000000001
4.9966

0.9933
0.0067
8.8779
5.9825

0.9847
0.0153
10.5094
6.9519

0.9709
0.0291
12.241599999999998
7.9096

0.9551
0.0449
13.816600000000001
8.8497

0.9245
0.0755
15.448
9.7351

0.8961
0.1039
16.9223
10.6054

0.8541
0.1459
18.4214
11.4195

0.8085
0.1915
19.7361
12.1659

0.7517
0.2483
21.0716
12.8241

0.6969
0.3031
22.2687
13.4838

0.6315
0.3685
23.445700000000002
14.0224

0.5778
0.4222
24.2822
14.5577

0.5058
0.4942
25.2747
15.0038

0.452
0.548
26.015
15.4171

0.4021
0.5979
26.6056
15.8385

0.3392
0.6608
27.2636
16.0158

0.289
0.711
27.8173
16.2528

0.2447
0.7553
28.2202
16.4556

0.199
0.801
28.582
16.5768

0.1738
0.8262
28.8233
16.7686

0.1356
0.8644
29.1114
16.7713

0.1128
0.8872
29.2877
16.9732

0.0869
0.9131
29.4545
17.0878

0.0707
0.9293
29.572
16.9917

0.0524
0.9476
29.6963
16.9131

0.0441
0.9559
29.7575
17.107799999999997

0.033
0.967
29.8216
17.051299999999998

0.0297
0.9703
29.8437
17.1386

0.0216
0.9784
29.8901
17.0823

0.0172
0.9828
29.9066
17.2173

0.011
0.989
29.9414
17.0991

0.0089
0.9911
29.9579
17.1126

0.0077
0.9923
29.9648
17.1158

0.0051
0.9949
29.9756
17.1915

0.0034
0.9966
29.9823
17.2243

0.0035
0.9965
29.9858
17.0668

0.0022
0.9978
29.9905
17.3069

0.0017
0.9983
29.9927
17.1337

0.0005
0.9995
29.9986
17.0623

0.0008
0.9992
29.9967
17.1786

0.0001
0.9999
29.9995
17.1572

0.0003
0.9997
29.9993
17.1256

0.0001
0.9999
29.9995
17.1537

0.0004
0.9996
29.9976
17.1855

0.0001
0.9999
29.9998
17.0788

1.0
0.0
0.5304000000000002
1.0

1.0
0.0
1.5607000000000006
2.0

0.9998
0.0002
3.921099999999999
2.9996

0.9985
0.0015
5.4847
3.9961

0.998
0.002
7.1267
4.9951

0.9948
0.0052
8.9103
5.9866

0.9883
0.0117
10.515999999999998
6.9659

0.9786
0.0214
12.1978
7.9323

0.9621
0.0379
13.715599999999998
8.8777

0.9411
0.0589
15.515
9.7934

0.9124
0.0876
16.9514
10.6643

0.8752
0.1248
18.4956
11.505

0.8328
0.1672
19.8866
12.2844

0.7784
0.2216
21.250799999999998
13.0109

0.7361
0.2639
22.426000000000002
13.722

0.6675
0.3325
23.6992
14.2207

0.6145
0.3855
24.6784
14.8453

0.5432
0.4568
25.7094
15.3015

0.4812
0.5188
26.5956
15.6587

0.434
0.566
27.1969
16.087699999999998

0.3708
0.6292
27.8799
16.3437

0.3285
0.6715
28.381
16.7431

0.2832
0.7168
28.8116
17.019

0.2328
0.7672
29.268
17.0715

0.1832
0.8168
29.6775
17.0413

0.156
0.844
29.9378
17.406399999999998

0.1293
0.8707
30.1348
17.485599999999998

0.108
0.892
30.3101
17.465400000000002

0.0868
0.9132
30.458
17.5918

0.065
0.935
30.6093
17.6614

0.0568
0.9432
30.667
17.6919

0.0431
0.9569
30.7475
17.709899999999998

0.0328
0.9672
30.8083
17.7406

0.0257
0.9743
30.8609
17.6907

0.0187
0.9813
30.8986
17.6623

0.0169
0.9831
30.9084
17.7494

0.0108
0.9892
30.9485
17.7817

0.0077
0.9923
30.9629
17.6967

0.0064
0.9936
30.9648
17.6765

0.0047
0.9953
30.978
17.7054

0.0035
0.9965
30.9816
17.8475

0.0027
0.9973
30.9864
17.6853

0.0025
0.9975
30.9875
17.7842

0.0012
0.9988
30.9942
17.7762

0.0007
0.9993
30.997
17.7094

0.0005
0.9995
30.9971
17.6668

0.0007
0.9993
30.9973
17.7269

0.0002
0.9998
30.9997
17.8075

0.0003
0.9997
30.9985
17.7794

0.0003
0.9997
30.9989
17.8241

1.0
0.0
0.5073000000000008
1.0

1.0
0.0
1.5311999999999983
2.0

0.9998
0.0002
3.9837999999999987
2.9998

0.9995
0.0005
5.357900000000001
3.9986

0.9978
0.0022
7.178599999999999
4.9941

0.9961
0.0039
8.8442
5.99

0.9895
0.0105
10.5014
6.9702

0.9801
0.0199
12.2121
7.9362

0.9704
0.0296
13.848600000000001
8.902

0.9506
0.0494
15.4499
9.8316

0.9252
0.0748
17.0842
10.723

0.8909
0.1091
18.6655
11.5678

0.8604
0.1396
19.8821
12.4076

0.8032
0.1968
21.4495
13.1295

0.7621
0.2379
22.6293
13.8727

0.688
0.312
24.0483
14.44

0.6381
0.3619
25.060200000000002
15.036999999999999

0.5968
0.4032
25.959600000000002
15.6613

0.5192
0.4808
26.9706
15.9625

0.4657
0.5343
27.7109
16.4599

0.4068
0.5932
28.4272
16.770699999999998

0.348
0.652
29.1285
16.999200000000002

0.2971
0.7029
29.6265
17.2161

0.2705
0.7295
29.9243
17.603

0.2164
0.7836
30.3942
17.7128

0.1753
0.8247
30.7293
17.7164

0.1521
0.8479
30.9448
17.962

0.1218
0.8782
31.1763
17.973300000000002

0.101
0.899
31.3526
18.1143

0.0846
0.9154
31.4754
18.2803

0.0671
0.9329
31.5986
18.2194

0.0508
0.9492
31.6832
18.279600000000002

0.0413
0.9587
31.7742
18.1997

0.0323
0.9677
31.8166
18.276899999999998

0.0235
0.9765
31.8687
18.3126

0.0163
0.9837
31.9089
18.3216

0.0162
0.9838
31.9049
18.3713

0.0118
0.9882
31.9459
18.477

0.0085
0.9915
31.9582
18.2538

0.0066
0.9934
31.965
18.3755

0.0039
0.9961
31.9802
18.2636

0.0045
0.9955
31.9774
18.4067

0.0036
0.9964
31.9811
18.3481

0.0023
0.9977
31.9854
18.2762

0.0011
0.9989
31.9958
18.4209

0.0011
0.9989
31.9956
18.3402

0.0006
0.9994
31.9967
18.3381

0.0013
0.9987
31.9961
18.323

0.0002
0.9998
31.999
18.3771

0.0002
0.9998
31.9992
18.2619

1.0
0.0
0.49609999999999843
1.0

1.0
0.0
1.5325999999999986
2.0

0.9998
0.0002
3.946300000000001
2.9995

0.9998
0.0002
5.424700000000001
3.9994

0.9984
0.0016
7.155200000000001
4.9957

0.9966
0.0034
8.808599999999998
5.9907

0.9932
0.0068
10.4986
6.981

0.9855
0.0145
12.401299999999999
7.9557

0.9747
0.0253
13.847999999999999
8.9165

0.9565
0.0435
15.4741
9.8493

0.9355
0.0645
17.0995
10.7698

0.903
0.097
18.7912
11.6282

0.8745
0.1255
20.0703
12.484

0.833
0.167
21.4506
13.2649

0.7786
0.2214
22.947
13.956900000000001

0.7256
0.2744
24.2182
14.6153

0.6731
0.3269
25.403100000000002
15.2366

0.6166
0.3834
26.4557
15.8218

0.5606
0.4394
27.252
16.3227

0.4958
0.5042
28.1782
16.7075

0.4373
0.5627
29.0232
17.0488

0.3773
0.6227
29.705
17.4189

0.3352
0.6648
30.1589
17.7307

0.2865
0.7135
30.7072
17.9574

0.2428
0.7572
31.1082
18.1249

0.2089
0.7911
31.4443
18.2804

0.1635
0.8365
31.8348
18.3368

0.1433
0.8567
32.0261
18.5532

0.1159
0.8841
32.2269
18.6113

0.0916
0.9084
32.4055
18.6318

0.0766
0.9234
32.5089
18.6959

0.0599
0.9401
32.6421
18.793300000000002

0.0457
0.9543
32.7335
18.7001

0.0389
0.9611
32.7689
18.805799999999998

0.0281
0.9719
32.839
18.8259

0.0244
0.9756
32.8578
18.8261

0.0168
0.9832
32.9076
18.8435

0.0129
0.9871
32.9329
18.9292

0.0092
0.9908
32.9486
18.8411

0.0074
0.9926
32.9637
18.8433

0.0071
0.9929
32.9701
18.977

0.0049
0.9951
32.9731
18.9213

0.0029
0.9971
32.9842
18.946

0.0022
0.9978
32.987
18.9106

0.0021
0.9979
32.9882
18.9282

0.0016
0.9984
32.9923
18.9616

0.001
0.999
32.9964
18.774

0.0007
0.9993
32.9968
18.9722

0.0005
0.9995
32.9985
18.8396

0.0006
0.9994
32.9978
18.922

1.0
0.0
0.5054999999999978
1.0

1.0
0.0
1.5598000000000027
2.0

1.0
0.0
3.919699999999999
3.0

1.0
0.0
5.4312000000000005
4.0

0.9998
0.0002
7.1464
4.9994

0.9976
0.0024
8.951899999999998
5.9938

0.994
0.006
10.643999999999998
6.9827

0.9857
0.0143
12.395900000000001
7.9554

0.9789
0.0211
13.8472
8.9337

0.9663
0.0337
15.5552
9.885

0.9432
0.0568
17.0719
10.7965

0.9152
0.0848
18.8582
11.6897

0.8914
0.1086
20.169800000000002
12.5556

0.8512
0.1488
21.695700000000002
13.3628

0.8119
0.1881
22.9333
14.135

0.7603
0.2397
24.2813
14.8306

0.7101
0.2899
25.5066
15.4791

0.6453
0.3547
26.7011
16.0198

0.5884
0.4116
27.7435
16.5447

0.5339
0.4661
28.5853
17.047

0.4771
0.5229
29.360599999999998
17.4631

0.422
0.578
30.1406
17.8041

0.3682
0.6318
30.8422
18.162

0.313
0.687
31.3832
18.3662

0.2679
0.7321
31.7812
18.517400000000002

0.2271
0.7729
32.2254
18.7706

0.1951
0.8049
32.5537
18.910899999999998

0.1635
0.8365
32.8115
19.0273

0.1324
0.8676
33.0926
19.0853

0.1117
0.8883
33.2516
19.2451

0.0943
0.9057
33.3847
19.282

0.0712
0.9288
33.5434
19.2304

0.0578
0.9422
33.6274
19.2957

0.0451
0.9549
33.7278
19.402900000000002

0.0334
0.9666
33.8091
19.4429

0.0278
0.9722
33.8459
19.4827

0.0235
0.9765
33.8632
19.4934

0.0181
0.9819
33.8958
19.5635

0.0143
0.9857
33.9287
19.3988

0.0103
0.9897
33.9455
19.5236

0.0065
0.9935
33.9659
19.5501

0.0052
0.9948
33.9702
19.4628

0.0047
0.9953
33.9759
19.5448

0.0037
0.9963
33.981
19.3953

0.0031
0.9969
33.985
19.5212

0.0019
0.9981
33.9908
19.5748

0.0016
0.9984
33.9918
19.6607

0.0009
0.9991
33.9972
19.4639

0.0012
0.9988
33.9947
19.4421

0.0001
0.9999
33.9998
19.4956

1.0
0.0
0.5155999999999992
1.0

1.0
0.0
1.5716999999999999
2.0

1.0
0.0
3.8979
3.0

1.0
0.0
5.426300000000001
4.0

0.9986
0.0014
7.150400000000001
4.9964

0.9983
0.0017
8.827200000000001
5.995

0.9956
0.0044
10.4113
6.9884

0.9912
0.0088
12.206199999999999
7.9743

0.9818
0.0182
13.9085
8.9396

0.9713
0.0287
15.4892
9.9036

0.955
0.045
17.0781
10.8411

0.9312
0.0688
18.8981
11.7349

0.8999
0.1001
20.4159
12.5998

0.8707
0.1293
21.9006
13.4342

0.8243
0.1757
23.2671
14.1964

0.7767
0.2233
24.654899999999998
14.9103

0.7305
0.2695
25.9635
15.6299

0.6742
0.3258
26.991500000000002
16.211

0.6141
0.3859
28.1336
16.7564

0.5603
0.4397
29.0881
17.3089

0.5099
0.4901
29.925
17.7658

0.449
0.551
30.7035
18.0613

0.3967
0.6033
31.3805
18.5034

0.3481
0.6519
31.9706
18.7807

0.2987
0.7013
32.4633
18.9852

0.263
0.737
32.9242
19.2733

0.214
0.786
33.3836
19.3824

0.1815
0.8185
33.6356
19.509700000000002

0.1481
0.8519
33.9071
19.637700000000002

0.1273
0.8727
34.115
19.686500000000002

0.1026
0.8974
34.3061
19.837899999999998

0.0816
0.9184
34.4563
19.8393

0.0706
0.9294
34.5382
20.0282

0.0557
0.9443
34.653
19.9223

0.0427
0.9573
34.7435
19.9214

0.0322
0.9678
34.8097
19.9758

0.0263
0.9737
34.8418
20.0453

0.0229
0.9771
34.8678
20.0553

0.0155
0.9845
34.9122
20.0421

0.0128
0.9872
34.9381
20.0237

0.0089
0.9911
34.9535
19.9362

0.0078
0.9922
34.9623
20.0047

0.0055
0.9945
34.972
20.1573

0.0034
0.9966
34.9817
20.038

0.0031
0.9969
34.9858
20.1027

0.0012
0.9988
34.9953
20.1607

0.0018
0.9982
34.9903
20.0269

0.0011
0.9989
34.9935
20.0329

0.0005
0.9995
34.9968
20.0592

0.0011
0.9989
34.9953
20.1282

1.0
0.0
0.5090000000000003
1.0

1.0
0.0
1.5354000000000028
2.0

1.0
0.0
3.8611999999999966
3.0

1.0
0.0
5.3721
4.0

0.999
0.001
7.042200000000001
4.9974

0.9982
0.0018
8.896
5.995

0.9959
0.0041
10.613399999999999
6.9883

0.9929
0.0071
12.164100000000001
7.9786

0.9841
0.0159
14.019400000000001
8.9469

0.976
0.024
15.57
9.9181

0.9601
0.0399
17.1114
10.854800000000001

0.9395
0.0605
18.8537
11.7688

0.9188
0.0812
20.4113
12.6892

0.8786
0.1214
22.0957
13.5004

0.8581
0.1419
23.0637
14.364

0.8123
0.1877
24.749000000000002
15.1106

0.7555
0.2445
26.113
15.7731

0.7117
0.2883
27.227800000000002
16.4633

0.6402
0.3598
28.6466
16.9728

0.5917
0.4083
29.5123
17.528

0.5388
0.4612
30.4309
18.0157

0.4713
0.5287
31.319499999999998
18.3896

0.4326
0.5674
31.8934
18.8673

0.3804
0.6196
32.5879
19.1815

0.3353
0.6647
33.1235
19.430500000000002

0.2854
0.7146
33.6297
19.625700000000002

0.237
0.763
34.1103
19.7997

0.2018
0.7982
34.442099999999996
19.9632

0.1802
0.8198
34.5961
20.2879

0.1394
0.8606
34.9766
20.231299999999997

0.1196
0.8804
35.1536
20.298099999999998

0.0971
0.9029
35.3346
20.4238

0.0782
0.9218
35.4634
20.4214

0.0643
0.9357
35.5891
20.5034

0.0517
0.9483
35.6805
20.5527

0.0397
0.9603
35.7466
20.4433

0.0341
0.9659
35.8072
20.5894

0.0264
0.9736
35.8519
20.6797

0.0213
0.9787
35.8741
20.6824

0.0173
0.9827
35.9011
20.724

0.0106
0.9894
35.947
20.5367

0.0098
0.9902
35.9451
20.7771

0.006
0.994
35.9693
20.5857

0.0052
0.9948
35.9752
20.5769

0.0036
0.9964
35.9811
20.644

0.0026
0.9974
35.9852
20.7216

0.0024
0.9976
35.9898
20.7578

0.0014
0.9986
35.9916
20.6595

0.002
0.998
35.9903
20.7614

0.0004
0.9996
35.9984
20.6997

1.0
0.0
0.5101000000000013
1.0

1.0
0.0
1.5441000000000003
2.0

1.0
0.0
3.8892999999999986
3.0

0.9997
0.0003
5.3934
3.9992

0.9998
0.0002
7.028500000000001
4.9994

0.9989
0.0011
8.852900000000002
5.9972

0.9976
0.0024
10.4452
6.9929

0.9934
0.0066
12.244399999999999
7.9805

0.9875
0.0125
14.032
8.9617

0.9784
0.0216
15.757200000000001
9.9306

0.9656
0.0344
17.2252
10.8814

0.9511
0.0489
18.8906
11.8236

0.9292
0.0708
20.5432
12.7292

0.896
0.104
22.0487
13.5651

0.8673
0.1327
23.5825
14.4039

0.8259
0.1741
25.003999999999998
15.1835

0.7781
0.2219
26.2924
15.9035

0.7204
0.2796
27.712600000000002
16.5491

0.6841
0.3159
28.6854
17.2278

0.6281
0.3719
29.7759
17.7978

0.5797
0.4203
30.6265
18.3505

0.5144
0.4856
31.590600000000002
18.7414

0.4595
0.5405
32.4736
19.2335

0.4102
0.5898
33.1276
19.4722

0.3626
0.6374
33.748400000000004
19.8268

0.3101
0.6899
34.253
20.032600000000002

0.2624
0.7376
34.8633
20.212699999999998

0.2258
0.7742
35.1856
20.4351

0.1971
0.8029
35.5185
20.6921

0.1642
0.8358
35.7545
20.7288

0.1403
0.8597
35.975
20.9983

0.1142
0.8858
36.2322
20.955199999999998

0.0914
0.9086
36.3832
20.9403

0.081
0.919
36.4505
21.0943

0.0625
0.9375
36.5909
21.1647

0.0455
0.9545
36.7117
21.0456

0.0407
0.9593
36.7595
21.0509

0.0326
0.9674
36.7947
21.1678

0.0218
0.9782
36.8797
21.0367

0.0184
0.9816
36.8956
21.228

0.0135
0.9865
36.9282
21.2524

0.0124
0.9876
36.9319
21.2232

0.0093
0.9907
36.9472
21.2097

0.0072
0.9928
36.9598
21.3077

0.005
0.995
36.9751
21.1928

0.0032
0.9968
36.9845
21.3198

0.0037
0.9963
36.9818
21.3215

0.0021
0.9979
36.9893
21.2386

0.0007
0.9993
36.996
21.2812

0.001
0.999
36.9965
21.2321

1.0
0.0
0.5238000000000014
1.0

1.0
0.0
1.5253999999999976
2.0

1.0
0.0
3.9333000000000027
3.0

0.9999
0.0001
5.3836999999999975
3.9997

0.9995
0.0005
7.0931
4.999

0.9992
0.0008
8.834499999999998
5.9977

0.9969
0.0031
10.4681
6.9916

0.9949
0.0051
12.327300000000001
7.9859

0.9915
0.0085
13.893999999999998
8.973

0.9831
0.0169
15.519200000000001
9.9453

0.972
0.028
17.3125
10.8976

0.9601
0.0399
18.9095
11.8482

0.9353
0.0647
20.5438
12.7467

0.9096
0.0904
22.232599999999998
13.6314

0.8856
0.1144
23.4384
14.5122

0.8515
0.1485
25.038
15.317

0.8089
0.1911
26.3515
16.0839

0.7569
0.2431
27.813499999999998
16.75

0.7068
0.2932
29.163899999999998
17.4013

0.6552
0.3448
30.1327
18.0146

0.6009
0.3991
31.186700000000002
18.5313

0.552
0.448
31.9965
19.0057

0.4982
0.5018
32.8233
19.5558

0.4305
0.5695
33.8364
19.756

0.3798
0.6202
34.3744
20.1039

0.3421
0.6579
34.9161
20.450499999999998

0.3029
0.6971
35.35
20.7926

0.2441
0.7559
35.9934
20.758499999999998

0.2185
0.7815
36.2219
21.145400000000002

0.1773
0.8227
36.651
21.174

0.1596
0.8404
36.8147
21.374000000000002

0.1301
0.8699
37.0484
21.4378

0.11
0.89
37.2188
21.567700000000002

0.0831
0.9169
37.4237
21.523699999999998

0.0712
0.9288
37.5149
21.714399999999998

0.0577
0.9423
37.6228
21.7459

0.0455
0.9545
37.7164
21.8223

0.0361
0.9639
37.7722
21.7245

0.0294
0.9706
37.8222
21.8458

0.0246
0.9754
37.8474
21.7945

0.0194
0.9806
37.898
21.9682

0.0133
0.9867
37.9245
21.7413

0.0088
0.9912
37.9491
21.7696

0.0077
0.9923
37.9541
21.7904

0.0051
0.9949
37.9771
21.7653

0.005
0.995
37.9716
21.9092

0.0043
0.9957
37.9793
21.8182

0.0025
0.9975
37.986
21.7719

0.0028
0.9972
37.9876
21.8369

0.0016
0.9984
37.9911
21.8948

1.0
0.0
0.5242999999999967
1.0

1.0
0.0
1.5636999999999972
2.0

1.0
0.0
3.9035999999999973
3.0

0.9998
0.0002
5.4720999999999975
3.9996

0.9998
0.0002
7.1507000000000005
4.9994

0.9996
0.0004
8.9174
5.9993

0.9975
0.0025
10.640999999999998
6.9927

0.9962
0.0038
12.262899999999998
7.9889

0.9929
0.0071
13.9999
8.9787

0.9828
0.0172
15.697199999999999
9.9458

0.9793
0.0207
17.3347
10.9318

0.9661
0.0339
18.7723
11.8835

0.9481
0.0519
20.5225
12.8044

0.9272
0.0728
22.0042
13.711

0.8958
0.1042
23.6345
14.548

0.8642
0.1358
25.0715
15.3886

0.8218
0.1782
26.5576
16.1564

0.7842
0.2158
27.9069
16.9141

0.7431
0.2569
29.134900000000002
17.6174

0.6806
0.3194
30.5109
18.1978

0.6326
0.3674
31.4478
18.806

0.572
0.428
32.5626
19.2502

0.5236
0.4764
33.3116
19.781

0.4751
0.5249
34.1655
20.2369

0.4143
0.5857
35.0042
20.4386

0.3755
0.6245
35.455
20.9214

0.3197
0.6803
36.1343
21.1181

0.2737
0.7263
36.6233
21.298000000000002

0.2557
0.7443
36.8981
21.683500000000002

0.2123
0.7877
37.2781
21.8963

0.181
0.819
37.577
21.920099999999998

0.1501
0.8499
37.8897
21.9985

0.1146
0.8854
38.144800000000004
21.9556

0.1002
0.8998
38.2778
22.0475

0.0824
0.9176
38.4277
22.1625

0.0666
0.9334
38.557
22.164

0.0531
0.9469
38.6658
22.274

0.0415
0.9585
38.7417
22.3934

0.0341
0.9659
38.7896
22.4145

0.0241
0.9759
38.8472
22.1206

0.0231
0.9769
38.8623
22.4058

0.0147
0.9853
38.9171
22.3623

0.0106
0.9894
38.9374
22.4735

0.0108
0.9892
38.9354
22.5234

0.0075
0.9925
38.9614
22.5025

0.0054
0.9946
38.968
22.4142

0.0054
0.9946
38.9683
22.4188

0.0031
0.9969
38.9835
22.413

0.0021
0.9979
38.9899
22.394

0.0013
0.9987
38.9942
22.3408

1.0
0.0
0.5257999999999967
1.0

1.0
0.0
1.5645999999999987
2.0

1.0
0.0
3.871600000000001
3.0

1.0
0.0
5.392600000000002
4.0

0.9998
0.0002
7.162399999999998
4.9995

0.9998
0.0002
8.9041
5.9995

0.9987
0.0013
10.566299999999998
6.9977

0.9971
0.0029
12.1695
7.9902

0.994
0.006
13.8336
8.984

0.9892
0.0108
15.530100000000001
9.9646

0.9841
0.0159
17.4304
10.9479

0.9711
0.0289
18.979
11.8958

0.9518
0.0482
20.8775
12.8239

0.933
0.067
22.3424
13.7335

0.9116
0.0884
23.6858
14.637

0.8799
0.1201
25.335900000000002
15.4602

0.8495
0.1505
26.7088
16.318

0.8058
0.1942
28.0788
17.0275

0.7638
0.2362
29.450699999999998
17.7798

0.7146
0.2854
30.5592
18.4121

0.6591
0.3409
31.8467
18.966

0.6095
0.3905
32.7876
19.5722

0.5526
0.4474
33.7777
20.0232

0.496
0.504
34.7355
20.4208

0.4517
0.5483
35.335300000000004
20.8806

0.3971
0.6029
36.2008
21.1954

0.3485
0.6515
36.7478
21.4951

0.3082
0.6918
37.2419
21.7958

0.262
0.738
37.7186
21.9904

0.2291
0.7709
38.1147
22.1777

0.1937
0.8063
38.4742
22.2633

0.1593
0.8407
38.7812
22.398

0.1378
0.8622
38.9773
22.7447

0.1169
0.8831
39.1644
22.724600000000002

0.0955
0.9045
39.3133
22.7991

0.0767
0.9233
39.464
22.787

0.0661
0.9339
39.5606
22.9277

0.0508
0.9492
39.6837
23.0039

0.0407
0.9593
39.7461
22.9574

0.0346
0.9654
39.7847
22.9674

0.0289
0.9711
39.8201
22.84

0.0201
0.9799
39.8878
23.0329

0.0152
0.9848
39.9187
22.8886

0.014
0.986
39.9177
23.04

0.0092
0.9908
39.9463
22.8136

0.0078
0.9922
39.9567
23.0135

0.0054
0.9946
39.9732
23.0379

0.0056
0.9944
39.9682
23.0638

0.0022
0.9978
39.9878
23.0562

0.0034
0.9966
39.9816
23.0405

1.0
0.0
0.5146999999999977
1.0

1.0
0.0
1.5165999999999968
2.0

1.0
0.0
3.9054
3.0

1.0
0.0
5.380800000000001
4.0

1.0
0.0
7.018999999999998
5.0

0.9995
0.0005
8.8808
5.9985

0.9988
0.0012
10.676300000000001
6.9966

0.998
0.002
12.2085
7.9931

0.9951
0.0049
13.958300000000001
8.9851

0.9917
0.0083
15.569700000000001
9.9744

0.9829
0.0171
17.4457
10.9449

0.9722
0.0278
19.1258
11.9009

0.9622
0.0378
20.5674
12.8569

0.9417
0.0583
22.305
13.773

0.9188
0.0812
23.8822
14.6675

0.8923
0.1077
25.2919
15.5247

0.8659
0.1341
26.727800000000002
16.3721

0.8248
0.1752
28.2576
17.1388

0.7965
0.2035
29.4497
17.9308

0.7393
0.2607
30.9488
18.5701

0.6907
0.3093
32.0235
19.212

0.6385
0.3615
33.182
19.7701

0.5858
0.4142
34.1094
20.348399999999998

0.5365
0.4635
35.012100000000004
20.8259

0.4859
0.5141
35.867
21.2461

0.4406
0.5594
36.5295
21.6826

0.3886
0.6114
37.2573
21.9495

0.3402
0.6598
37.8918
22.2289

0.2934
0.7066
38.3437
22.5321

0.2524
0.7476
38.8542
22.5987

0.2252
0.7748
39.1098
22.852

0.1854
0.8146
39.5105
23.0214

0.1616
0.8384
39.7087
23.1526

0.13
0.87
40.033
23.1447

0.1078
0.8922
40.2214
23.408

0.0922
0.9078
40.3296
23.3322

0.0741
0.9259
40.4918
23.4559

0.0611
0.9389
40.5901
23.451700000000002

0.0484
0.9516
40.6898
23.4953

0.0378
0.9622
40.758
23.4528

0.031
0.969
40.8068
23.4223

0.0248
0.9752
40.8365
23.5631

0.0215
0.9785
40.8677
23.5199

0.0151
0.9849
40.9165
23.5673

0.0093
0.9907
40.9448
23.4747

0.0101
0.9899
40.9412
23.589

0.0079
0.9921
40.9627
23.5416

0.0074
0.9926
40.9595
23.7344

0.0043
0.9957
40.9779
23.6546

0.0034
0.9966
40.985
23.6185

1.0
0.0
0.508899999999997
1.0

1.0
0.0
1.5994000000000028
2.0

1.0
0.0
3.911900000000003
3.0

1.0
0.0
5.442399999999999
4.0

0.9999
0.0001
7.0245999999999995
4.9997

0.9999
0.0001
8.788800000000002
5.9996

0.999
0.001
10.473700000000001
6.9965

0.9978
0.0022
12.303799999999999
7.9939

0.996
0.004
13.9314
8.9888

0.993
0.007
15.652000000000001
9.977

0.986
0.014
17.3552
10.9523

0.9782
0.0218
18.9991
11.9206

0.967
0.033
20.5895
12.8797

0.956
0.044
22.3223
13.8233

0.9297
0.0703
23.8575
14.7189

0.9059
0.0941
25.4528
15.5924

0.8821
0.1179
26.7147
16.4561

0.8474
0.1526
28.29
17.2826

0.8036
0.1964
29.8214
17.9893

0.7621
0.2379
31.064799999999998
18.7275

0.7145
0.2855
32.4101
19.4085

0.6622
0.3378
33.5549
19.974899999999998

0.617
0.383
34.4077
20.5566

0.5667
0.4333
35.5136
21.0885

0.5068
0.4932
36.335
21.476300000000002

0.4517
0.5483
37.2503
21.8731

0.4079
0.5921
37.8666
22.255200000000002

0.3627
0.6373
38.4431
22.5919

0.323
0.677
38.9857
22.863

0.2797
0.7203
39.4644
23.0577

0.2449
0.7551
39.8756
23.3079

0.2057
0.7943
40.281
23.479799999999997

0.1806
0.8194
40.5491
23.7053

0.1433
0.8567
40.8426
23.6066

0.1152
0.8848
41.1749
23.676299999999998

0.1047
0.8953
41.254
24.0644

0.0858
0.9142
41.3934
23.950499999999998

0.0695
0.9305
41.5096
23.9854

0.0564
0.9436
41.628
23.9589

0.0471
0.9529
41.6811
24.0843

0.0386
0.9614
41.7559
24.1633

0.0317
0.9683
41.792
24.1817

0.0252
0.9748
41.8379
24.2062

0.0171
0.9829
41.8968
23.9859

0.0156
0.9844
41.9108
24.2084

0.0128
0.9872
41.9282
24.1275

0.0099
0.9901
41.9393
24.3138

0.0062
0.9938
41.963
24.0488

0.0053
0.9947
41.9669
24.3545

0.0036
0.9964
41.9828
24.1985

1.0
0.0
0.5127999999999986
1.0

1.0
0.0
1.5681000000000012
2.0

1.0
0.0
3.9339999999999975
3.0

1.0
0.0
5.445700000000002
4.0

0.9999
0.0001
7.106999999999999
4.9996

0.9997
0.0003
8.890300000000003
5.9992

0.9993
0.0007
10.731900000000003
6.9978

0.9983
0.0017
12.3095
7.9954

0.996
0.004
14.009799999999998
8.9868

0.9953
0.0047
15.677700000000002
9.9854

0.989
0.011
17.2309
10.9631

0.9817
0.0183
19.0221
11.9344

0.975
0.025
20.5789
12.9069

0.9573
0.0427
22.3487
13.8394

0.9428
0.0572
23.9207
14.7706

0.9185
0.0815
25.6931
15.6495

0.8959
0.1041
27.0887
16.517

0.8634
0.1366
28.467
17.3451

0.8243
0.1757
30.078699999999998
18.1139

0.7827
0.2173
31.2024
18.8606

0.732
0.268
32.5572
19.5105

0.6972
0.3028
33.6226
20.1934

0.6419
0.3581
34.793
20.7836

0.5851
0.4149
35.9711
21.2564

0.5399
0.4601
36.7827
21.8266

0.4874
0.5126
37.6799
22.2366

0.4445
0.5555
38.3339
22.660899999999998

0.3937
0.6063
39.0762
22.9643

0.3402
0.6598
39.7644
23.1659

0.2991
0.7009
40.2122
23.4696

0.2637
0.7363
40.6581
23.7403

0.2225
0.7775
41.1303
23.814999999999998

0.1941
0.8059
41.4025
23.9458

0.1647
0.8353
41.6414
24.1779

0.1373
0.8627
41.9712
24.284599999999998

0.1198
0.8802
42.0636
24.3184

0.096
0.904
42.2923
24.4351

0.0826
0.9174
42.3941
24.5143

0.0637
0.9363
42.5493
24.5753

0.0543
0.9457
42.64
24.619

0.0423
0.9577
42.7173
24.5083

0.0362
0.9638
42.7608
24.6277

0.0266
0.9734
42.8355
24.6294

0.0229
0.9771
42.8675
24.5712

0.0185
0.9815
42.8919
24.8643

0.0107
0.9893
42.9453
24.5256

0.01
0.99
42.9428
24.7716

0.0103
0.9897
42.9409
24.8026

0.0086
0.9914
42.9523
24.8094

0.0051
0.9949
42.9738
24.6384

1.0
0.0
0.5180999999999969
1.0

1.0
0.0
1.587299999999999
2.0

1.0
0.0
3.941200000000002
3.0

1.0
0.0
5.506300000000003
4.0

1.0
0.0
7.0686000000000035
5.0

0.9998
0.0002
8.8613
5.9994

0.9995
0.0005
10.483199999999997
6.9988

0.9989
0.0011
12.1768
7.997

0.997
0.003
13.813099999999999
8.991

0.9949
0.0051
15.7741
9.9862

0.9907
0.0093
17.3104
10.9671

0.9858
0.0142
19.0661
11.9542

0.9776
0.0224
20.6258
12.9189

0.9658
0.0342
22.2522
13.8722

0.946
0.054
24.1052
14.794

0.9269
0.0731
25.5339
15.6973

0.9109
0.0891
27.1532
16.6084

0.8758
0.1242
28.681800000000003
17.425

0.8436
0.1564
30.046599999999998
18.2254

0.8098
0.1902
31.3216
19.0182

0.7665
0.2335
32.7582
19.7095

0.7252
0.2748
33.7386
20.4134

0.6666
0.3334
35.1971
20.976399999999998

0.6198
0.3802
36.2554
21.5479

0.5731
0.4269
37.1561
22.0729

0.528
0.472
38.0218
22.5812

0.4699
0.5301
38.8616
22.9583

0.418
0.582
39.6291
23.3253

0.373
0.627
40.282
23.639499999999998

0.3443
0.6557
40.664
23.995

0.285
0.715
41.3643
24.0918

0.2464
0.7536
41.8129
24.3021

0.2195
0.7805
42.1023
24.613

0.1834
0.8166
42.4582
24.6115

0.1568
0.8432
42.7418
24.804299999999998

0.1329
0.8671
43.0089
24.917299999999997

0.1106
0.8894
43.1466
24.9344

0.0948
0.9052
43.2783
25.186700000000002

0.0754
0.9246
43.458
25.019199999999998

0.0647
0.9353
43.5325
25.1826

0.0509
0.9491
43.6539
25.211

0.0387
0.9613
43.7497
25.2498

0.0344
0.9656
43.7832
25.33

0.0272
0.9728
43.8358
25.2505

0.0224
0.9776
43.863
25.511

0.0171
0.9829
43.8937
25.3368

0.0143
0.9857
43.9185
25.2932

0.0098
0.9902
43.9361
25.3251

0.0087
0.9913
43.9511
25.3723

0.0064
0.9936
43.9641
25.3766

1.0
0.0
0.5223999999999975
1.0

1.0
0.0
1.5666999999999973
2.0

1.0
0.0
3.9174000000000007
3.0

1.0
0.0
5.381599999999999
4.0

0.9999
0.0001
7.0822
4.9996

0.9999
0.0001
8.825800000000001
5.9997

0.9998
0.0002
10.525199999999998
6.9994

0.9986
0.0014
12.244700000000002
7.9963

0.9968
0.0032
13.970500000000001
8.9903

0.9966
0.0034
15.672999999999998
9.9886

0.9927
0.0073
17.3294
10.9752

0.9882
0.0118
19.1328
11.9586

0.9806
0.0194
20.728
12.9287

0.9701
0.0299
22.3647
13.8892

0.9521
0.0479
24.1577
14.8025

0.941
0.059
25.6197
15.7613

0.9169
0.0831
27.1799
16.6344

0.8854
0.1146
28.7944
17.4785

0.8585
0.1415
30.1646
18.3186

0.8247
0.1753
31.6265
19.121

0.7892
0.2108
32.9401
19.862000000000002

0.7378
0.2622
34.3426
20.527

0.6951
0.3049
35.4082
21.1699

0.6467
0.3533
36.649
21.7749

0.5976
0.4024
37.7132
22.363

0.5534
0.4466
38.4461
22.8204

0.5045
0.4955
39.2692
23.3369

0.4519
0.5481
40.1993
23.708

0.4012
0.5988
40.8354
23.9616

0.3485
0.6515
41.5348
24.2479

0.3181
0.6819
41.9992
24.5811

0.2768
0.7232
42.4314
24.7802

0.2451
0.7549
42.8695
25.116799999999998

0.2057
0.7943
43.2175
25.0943

0.1742
0.8258
43.5755
25.2697

0.1484
0.8516
43.812
25.464199999999998

0.124
0.876
44.0438
25.685499999999998

0.1081
0.8919
44.2015
25.738599999999998

0.087
0.913
44.3714
25.5895

0.0731
0.9269
44.4763
25.7378

0.0596
0.9404
44.5714
25.8741

0.052
0.948
44.6482
25.7939

0.0387
0.9613
44.735
25.7237

0.0335
0.9665
44.7853
25.8482

0.0218
0.9782
44.8567
25.7901

0.0209
0.9791
44.8636
25.9029

0.0157
0.9843
44.9012
25.8412

0.0141
0.9859
44.9079
25.9383

0.0081
0.9919
44.9584
25.9119

0.0092
0.9908
44.9396
25.9789

1.0
0.0
0.5131999999999977
1.0

1.0
0.0
1.5491000000000028
2.0

1.0
0.0
3.997100000000003
3.0

1.0
0.0
5.4527
4.0

1.0
0.0
7.031100000000002
5.0

0.9999
0.0001
8.8733
5.9997

1.0
0.0
10.6338
7.0

0.9992
0.0008
12.377299999999998
7.9975

0.9978
0.0022
14.013300000000001
8.9942

0.9956
0.0044
15.592400000000001
9.9853

0.9935
0.0065
17.4441
10.9774

0.9909
0.0091
19.0451
11.9724

0.9822
0.0178
20.8449
12.9394

0.9725
0.0275
22.4275
13.8966

0.9628
0.0372
24.0703
14.8494

0.9485
0.0515
25.556
15.7895

0.9311
0.0689
27.1772
16.6908

0.9061
0.0939
28.784
17.558

0.8761
0.1239
30.25
18.4153

0.8436
0.1564
31.7274
19.2105

0.8072
0.1928
33.1652
20.0009

0.7665
0.2335
34.2891
20.71

0.723
0.277
35.564099999999996
21.3846

0.6729
0.3271
36.7901
21.9723

0.6349
0.3651
37.7659
22.5996

0.5769
0.4231
38.9256
23.0646

0.526
0.474
39.9285
23.5122

0.4845
0.5155
40.6146
24.000700000000002

0.4239
0.5761
41.4892
24.3145

0.3865
0.6135
42.0254
24.7506

0.349
0.651
42.5181
25.0205

0.2956
0.7044
43.2179
25.2328

0.2591
0.7409
43.6016
25.4258

0.2288
0.7712
43.9837
25.6547

0.1986
0.8014
44.3236
25.8782

0.1652
0.8348
44.605
25.9649

0.145
0.855
44.8099
26.0593

0.1242
0.8758
45.0358
26.1939

0.0977
0.9023
45.2712
26.185000000000002

0.0828
0.9172
45.4126
26.2213

0.0704
0.9296
45.4882
26.332900000000002

0.0552
0.9448
45.6127
26.2639

0.0463
0.9537
45.6962
26.4878

0.0387
0.9613
45.7349
26.2739

0.0309
0.9691
45.7874
26.5062

0.025
0.975
45.8416
26.6082

0.0197
0.9803
45.8733
26.5215

0.0149
0.9851
45.9112
26.4893

0.0123
0.9877
45.9221
26.4729

0.0097
0.9903
45.9408
26.4526

1.0
0.0
0.5048999999999992
1.0

1.0
0.0
1.5330999999999975
2.0

1.0
0.0
3.915399999999998
3.0

1.0
0.0
5.369700000000002
4.0

1.0
0.0
7.0702
5.0

1.0
0.0
8.874099999999999
6.0

0.9999
0.0001
10.4786
6.9997

0.9986
0.0014
12.285699999999999
7.9966

0.9989
0.0011
13.8917
8.9963

0.9975
0.0025
15.6232
9.9922

0.9947
0.0053
17.3182
10.9835

0.993
0.007
18.9781
11.9764

0.9862
0.0138
20.7573
12.948

0.9793
0.0207
22.4195
13.9242

0.968
0.032
23.9682
14.8768

0.9554
0.0446
25.7707
15.8279

0.9426
0.0574
27.2836
16.749

0.915
0.085
28.899
17.6286

0.8827
0.1173
30.6224
18.4406

0.868
0.132
31.6861
19.3499

0.8304
0.1696
33.1055
20.1141

0.7919
0.2081
34.5381
20.8655

0.7455
0.2545
35.788
21.5411

0.6992
0.3008
37.0928
22.1446

0.6589
0.3411
38.1136
22.8144

0.5979
0.4021
39.4371
23.276600000000002

0.5536
0.4464
40.2093
23.8585

0.5051
0.4949
41.1513
24.2689

0.4554
0.5446
41.8976
24.6593

0.415
0.585
42.5958
25.008200000000002

0.3667
0.6333
43.2645
25.316200000000002

0.3227
0.6773
43.759100000000004
25.6391

0.2839
0.7161
44.3032
25.8684

0.2433
0.7567
44.7636
25.9331

0.2109
0.7891
45.127
26.1446

0.1902
0.8098
45.417
26.5271

0.1599
0.8401
45.7183
26.5497

0.1351
0.8649
45.887
26.6389

0.1155
0.8845
46.1183
26.843

0.0935
0.9065
46.2944
26.6034

0.0766
0.9234
46.4034
26.9348

0.0629
0.9371
46.5624
26.832

0.0478
0.9522
46.6715
26.871

0.0431
0.9569
46.7155
26.9507

0.0359
0.9641
46.7579
27.089

0.0276
0.9724
46.8186
26.8925

0.0251
0.9749
46.8507
26.9394

0.0201
0.9799
46.8768
27.0219

0.015
0.985
46.9094
27.1195

0.0121
0.9879
46.9269
27.066

1.0
0.0
0.5202999999999989
1.0

1.0
0.0
1.5793000000000035
2.0

0.9999
0.0001
3.8941000000000017
2.9998

1.0
0.0
5.437600000000003
4.0

1.0
0.0
7.131300000000003
5.0

1.0
0.0
8.844700000000003
6.0

0.9999
0.0001
10.559899999999999
6.9998

0.9994
0.0006
12.280900000000003
7.9984

0.998
0.002
14.0627
8.9948

0.9983
0.0017
15.636800000000001
9.9946

0.9959
0.0041
17.2756
10.9872

0.9933
0.0067
19.0406
11.9787

0.9888
0.0112
20.9043
12.9625

0.9822
0.0178
22.3001
13.9366

0.9743
0.0257
24.0264
14.9052

0.9599
0.0401
25.7632
15.8437

0.9433
0.0567
27.3399
16.7511

0.922
0.078
28.9903
17.6482

0.9038
0.0962
30.3826
18.549

0.8776
0.1224
31.8405
19.4162

0.8353
0.1647
33.5901
20.1535

0.8108
0.1892
34.7274
20.9709

0.7646
0.2354
35.9157
21.6711

0.7218
0.2782
37.4066
22.3488

0.6726
0.3274
38.6993
22.9691

0.6264
0.3736
39.745599999999996
23.572

0.5848
0.4152
40.5889
24.1225

0.5399
0.4601
41.422
24.5479

0.4831
0.5169
42.359899999999996
24.920099999999998

0.446
0.554
43.102000000000004
25.4347

0.4005
0.5995
43.7973
25.747700000000002

0.363
0.637
44.2757
26.086

0.3124
0.6876
44.894800000000004
26.3295

0.2713
0.7287
45.4761
26.5561

0.2292
0.7708
45.8915
26.622999999999998

0.206
0.794
46.158500000000004
26.8251

0.1664
0.8336
46.5538
26.9222

0.154
0.846
46.7298
27.3006

0.1241
0.8759
46.9782
27.1545

0.1096
0.8904
47.1428
27.3316

0.0914
0.9086
47.3245
27.5106

0.074
0.926
47.4671
27.4518

0.0626
0.9374
47.5421
27.5015

0.0527
0.9473
47.6284
27.4699

0.041
0.959
47.7116
27.6577

0.0353
0.9647
47.7612
27.5562

0.0247
0.9753
47.8296
27.3901

0.0246
0.9754
47.8418
27.7365

0.0163
0.9837
47.8941
27.5769

0.0137
0.9863
47.917
27.6594

1.0
0.0
0.5069000000000017
1.0

1.0
0.0
1.5426000000000002
2.0

1.0
0.0
3.9273000000000025
3.0

1.0
0.0
5.369900000000001
4.0

1.0
0.0
7.043599999999998
5.0

1.0
0.0
8.858600000000003
6.0

1.0
0.0
10.495399999999997
7.0

0.9994
0.0006
12.134
7.9986

0.9988
0.0012
13.9531
8.9971

0.9977
0.0023
15.722700000000003
9.9937

0.9968
0.0032
17.4056
10.9889

0.9937
0.0063
19.1257
11.9804

0.9905
0.0095
20.775
12.969

0.987
0.013
22.2592
13.9525

0.9768
0.0232
24.0715
14.9059

0.9635
0.0365
25.913
15.8534

0.9515
0.0485
27.3406
16.8021

0.9345
0.0655
29.0971
17.7165

0.9081
0.0919
30.5058
18.5808

0.8861
0.1139
32.1396
19.4657

0.8525
0.1475
33.6319
20.2632

0.8282
0.1718
34.9481
21.1009

0.7853
0.2147
36.2859
21.8083

0.7356
0.2644
37.969
22.455

0.708
0.292
38.7811
23.1968

0.6566
0.3434
39.9894
23.8032

0.6065
0.3935
40.9882
24.2822

0.5604
0.4396
42.050200000000004
24.8463

0.515
0.485
42.7674
25.2863

0.4644
0.5356
43.6789
25.7121

0.4276
0.5724
44.3172
26.1378

0.3738
0.6262
45.080799999999996
26.3407

0.3282
0.6718
45.6883
26.6367

0.3011
0.6989
46.0497
26.9972

0.2454
0.7546
46.6473
27.005200000000002

0.2225
0.7775
46.9617
27.3437

0.1989
0.8011
47.2643
27.6274

0.1598
0.8402
47.6268
27.5262

0.144
0.856
47.7925
27.6831

0.1216
0.8784
48.0582
27.950699999999998

0.0982
0.9018
48.2405
27.8069

0.0886
0.9114
48.3344
27.994

0.0705
0.9295
48.4798
28.0644

0.0589
0.9411
48.5602
28.040399999999998

0.0468
0.9532
48.6832
28.165

0.0355
0.9645
48.7596
28.1334

0.0321
0.9679
48.7954
28.1865

0.0251
0.9749
48.833
28.3643

0.0211
0.9789
48.86
28.2357

0.0148
0.9852
48.9048
28.0597

1.0
0.0
0.5138999999999996
1.0

1.0
0.0
1.5638000000000005
2.0

1.0
0.0
3.9592000000000027
3.0

1.0
0.0
5.382899999999999
4.0

1.0
0.0
7.131
5.0

1.0
0.0
8.810400000000001
6.0

0.9999
0.0001
10.519100000000002
6.9998

0.9995
0.0005
12.219999999999999
7.9986

0.9994
0.0006
14.063400000000001
8.9976

0.9989
0.0011
15.729700000000001
9.9965

0.9973
0.0027
17.384300000000003
10.9905

0.996
0.004
18.9998
11.9877

0.9915
0.0085
20.8707
12.9719

0.9866
0.0134
22.4872
13.9528

0.977
0.023
24.2093
14.9196

0.9724
0.0276
25.8671
15.8882

0.9569
0.0431
27.4569
16.8165

0.9467
0.0533
28.8534
17.7711

0.9225
0.0775
30.5712
18.6631

0.8931
0.1069
32.2949
19.4917

0.8662
0.1338
33.7703
20.3276

0.8356
0.1644
35.1687
21.136

0.8042
0.1958
36.5978
21.9225

0.7666
0.2334
37.8574
22.662

0.7225
0.2775
39.0861
23.3507

0.6873
0.3127
40.160399999999996
23.9961

0.6378
0.3622
41.2577
24.5547

0.5941
0.4059
42.2903
25.072

0.5505
0.4495
43.202799999999996
25.6756

0.4932
0.5068
44.1653
26.0365

0.4519
0.5481
44.9664
26.453400000000002

0.3999
0.6001
45.6741
26.7459

0.357
0.643
46.273
27.0488

0.3209
0.6791
46.7359
27.468

0.2921
0.7079
47.1326
27.6514

0.24
0.76
47.6997
27.784599999999998

0.2174
0.7826
48.0395
27.9682

0.1901
0.8099
48.3257
28.1131

0.1546
0.8454
48.6695
28.203400000000002

0.1279
0.8721
48.9151
28.354100000000003

0.1109
0.8891
49.119
28.456200000000003

0.0949
0.9051
49.2275
28.4964

0.0751
0.9249
49.4254
28.4125

0.0683
0.9317
49.4892
28.694000000000003

0.0563
0.9437
49.5766
28.7315

0.0441
0.9559
49.6745
28.7681

0.0401
0.9599
49.7046
28.7921

0.031
0.969
49.7916
28.7588

0.0242
0.9758
49.8341
28.7104

0.0192
0.9808
49.8661
28.689

